time	V(n001)	V(n002)	V(n003)	V(n004)	I(L1)
0.000000000000000e+000	1.200000e+001	2.000178e-012	2.000000e-012	1.000000e+000	2.000000e+000
4.999999892015664e+000	1.200000e+001	2.004329e-012	2.000000e-012	1.000000e+000	2.000000e+000
4.999999994903009e+000	1.200000e+001	2.004329e-012	2.741654e-009	6.597663e-001	2.000000e+000
5.000000043216627e+000	1.200000e+001	2.004329e-012	9.973917e-009	2.383983e-001	2.000000e+000
5.000000087244956e+000	1.200000e+001	2.004329e-012	2.273038e-008	0.000000e+000	2.000000e+000
5.005600887443330e+000	1.200000e+001	-6.895068e-009	1.866662e-003	0.000000e+000	1.999999e+000
5.011201687641704e+000	1.200000e+001	2.818863e-012	3.732700e-003	0.000000e+000	1.999996e+000
5.016802487840078e+000	1.200000e+001	2.069567e-008	5.598136e-003	0.000000e+000	1.999990e+000
5.022403288038452e+000	1.200000e+001	5.518347e-008	7.462971e-003	0.000000e+000	1.999983e+000
5.028004088236825e+000	1.200000e+001	1.034662e-007	9.327204e-003	0.000000e+000	1.999973e+000
5.033604888435200e+000	1.200000e+001	1.655440e-007	1.119084e-002	0.000000e+000	1.999961e+000
5.039205688633573e+000	1.200000e+001	2.414166e-007	1.305387e-002	0.000000e+000	1.999948e+000
5.048873629138125e+000	1.200000e+001	4.675445e-007	1.626833e-002	0.000000e+000	1.999919e+000
5.060927705036525e+000	1.200000e+001	9.055117e-007	2.027361e-002	0.000000e+000	1.999873e+000
5.075959202236505e+000	1.200000e+001	1.753896e-006	2.526420e-002	0.000000e+000	1.999803e+000
5.094704978765655e+000	1.200000e+001	3.397404e-006	3.148170e-002	0.000000e+000	1.999694e+000
5.118087317116082e+000	1.200000e+001	6.581798e-006	3.922717e-002	0.000000e+000	1.999525e+000
5.147258011174406e+000	1.200000e+001	1.275269e-005	4.887451e-002	0.000000e+000	1.999262e+000
5.183660077556673e+000	1.200000e+001	2.471395e-005	6.088883e-002	0.000000e+000	1.998853e+000
5.229100451558412e+000	1.200000e+001	4.790543e-005	7.584716e-002	0.000000e+000	1.998216e+000
5.285848502769298e+000	1.200000e+001	9.288888e-005	9.446551e-002	0.000000e+000	1.997227e+000
5.356757739413883e+000	1.200000e+001	1.801847e-004	1.176300e-001	0.000000e+000	1.995688e+000
5.445429843947662e+000	1.200000e+001	3.470549e-004	1.464411e-001	0.000000e+000	1.993310e+000
5.545429843947662e+000	1.200000e+001	6.244628e-004	1.787260e-001	0.000000e+000	1.990049e+000
5.645429843947661e+000	1.200000e+001	1.016235e-003	2.107792e-001	0.000000e+000	1.986171e+000
5.745429843947661e+000	1.200000e+001	1.545228e-003	2.425852e-001	0.000000e+000	1.981663e+000
5.845429843947660e+000	1.200000e+001	2.231470e-003	2.741348e-001	0.000000e+000	1.976533e+000
5.945429843947660e+000	1.200000e+001	3.094603e-003	3.054193e-001	0.000000e+000	1.970791e+000
6.045429843947660e+000	1.200000e+001	4.153867e-003	3.364300e-001	0.000000e+000	1.964445e+000
6.145429843947659e+000	1.200000e+001	5.428084e-003	3.671585e-001	0.000000e+000	1.957505e+000
6.245429843947659e+000	1.200000e+001	6.935641e-003	3.975966e-001	0.000000e+000	1.949981e+000
6.345429843947659e+000	1.200000e+001	8.694473e-003	4.277362e-001	0.000000e+000	1.941884e+000
6.445429843947658e+000	1.200000e+001	1.072205e-002	4.575696e-001	0.000000e+000	1.933225e+000
6.545429843947658e+000	1.200000e+001	1.303537e-002	4.870892e-001	0.000000e+000	1.924016e+000
6.645429843947658e+000	1.200000e+001	1.565093e-002	5.162878e-001	0.000000e+000	1.914269e+000
6.745429843947657e+000	1.200000e+001	1.858473e-002	5.451582e-001	0.000000e+000	1.903997e+000
6.845429843947657e+000	1.200000e+001	2.185224e-002	5.736937e-001	0.000000e+000	1.893213e+000
6.945429843947657e+000	1.200000e+001	2.546840e-002	6.018877e-001	0.000000e+000	1.881930e+000
7.045429843947656e+000	1.200000e+001	2.944763e-002	6.297340e-001	0.000000e+000	1.870163e+000
7.145429843947656e+000	1.200000e+001	3.380378e-002	6.572265e-001	0.000000e+000	1.857926e+000
7.245429843947655e+000	1.200000e+001	3.855012e-002	6.843596e-001	0.000000e+000	1.845234e+000
7.345429843947655e+000	1.200000e+001	4.369939e-002	7.111276e-001	0.000000e+000	1.832102e+000
7.445429843947655e+000	1.200000e+001	4.926373e-002	7.375257e-001	0.000000e+000	1.818545e+000
7.545429843947654e+000	1.200000e+001	5.525468e-002	7.635487e-001	0.000000e+000	1.804579e+000
7.645429843947654e+000	1.200000e+001	6.168318e-002	7.891922e-001	0.000000e+000	1.790221e+000
7.745429843947654e+000	1.200000e+001	6.855959e-002	8.144519e-001	0.000000e+000	1.775487e+000
7.845429843947653e+000	1.200000e+001	7.589366e-002	8.393238e-001	0.000000e+000	1.760394e+000
7.945429843947653e+000	1.200000e+001	8.369449e-002	8.638041e-001	0.000000e+000	1.744958e+000
8.045429843947654e+000	1.200000e+001	9.197059e-002	8.878896e-001	0.000000e+000	1.729198e+000
8.245429843947653e+000	1.200000e+001	1.099795e-001	9.348640e-001	0.000000e+000	1.696773e+000
8.445429843947652e+000	1.200000e+001	1.299758e-001	9.802262e-001	0.000000e+000	1.663261e+000
8.645429843947651e+000	1.200000e+001	1.520047e-001	1.023960e+000	0.000000e+000	1.628808e+000
8.845429843947651e+000	1.200000e+001	1.761014e-001	1.066056e+000	0.000000e+000	1.593560e+000
9.045429843947650e+000	1.200000e+001	2.022907e-001	1.106506e+000	0.000000e+000	1.557668e+000
9.345429843947649e+000	1.200000e+001	2.455276e-001	1.164099e+000	0.000000e+000	1.502946e+000
9.645429843947648e+000	1.200000e+001	2.935106e-001	1.218009e+000	0.000000e+000	1.447617e+000
9.945429843947647e+000	1.200000e+001	3.461966e-001	1.268280e+000	0.000000e+000	1.392183e+000
1.024542984394765e+001	1.200000e+001	4.034933e-001	1.314979e+000	0.000000e+000	1.337140e+000
1.058828698680479e+001	1.200000e+001	4.755564e-001	1.363462e+000	0.000000e+000	1.273855e+000
1.093114412966193e+001	1.200000e+001	5.521181e-001	1.408173e+000	0.000000e+000	1.213933e+000
1.127400127251907e+001	1.200000e+001	6.331786e-001	1.449113e+000	0.000000e+000	1.157372e+000
1.161685841537621e+001	1.200000e+001	7.187378e-001	1.486281e+000	0.000000e+000	1.104174e+000
1.195971555823335e+001	1.200000e+001	8.087957e-001	1.519678e+000	0.000000e+000	1.054338e+000
1.230257270109050e+001	1.200000e+001	9.033524e-001	1.549302e+000	0.000000e+000	1.007864e+000
1.264542984394764e+001	1.200000e+001	1.002408e+000	1.575155e+000	0.000000e+000	9.647515e-001
1.294542984394764e+001	1.200000e+001	1.090145e+000	1.596139e+000	0.000000e+000	9.323727e-001
1.324542984394764e+001	1.200000e+001	1.179441e+000	1.615271e+000	0.000000e+000	9.041044e-001
1.354542984394763e+001	1.200000e+001	1.269852e+000	1.632792e+000	0.000000e+000	8.801306e-001
1.384542984394763e+001	1.200000e+001	1.360927e+000	1.648944e+000	0.000000e+000	8.605945e-001
1.414542984394763e+001	1.200000e+001	1.452208e+000	1.663973e+000	0.000000e+000	8.455967e-001
1.444542984394763e+001	1.200000e+001	1.543240e+000	1.678124e+000	0.000000e+000	8.351960e-001
1.474542984394763e+001	1.200000e+001	1.633569e+000	1.691640e+000	0.000000e+000	8.294092e-001
1.504542984394763e+001	1.200000e+001	1.722751e+000	1.704760e+000	0.000000e+000	8.282117e-001
1.534542984394763e+001	1.200000e+001	1.810352e+000	1.717716e+000	0.000000e+000	8.315383e-001
1.564542984394763e+001	1.200000e+001	1.895955e+000	1.730734e+000	0.000000e+000	8.392845e-001
1.594542984394763e+001	1.200000e+001	1.979160e+000	1.744027e+000	0.000000e+000	8.513083e-001
1.624542984394763e+001	1.200000e+001	2.059593e+000	1.757800e+000	0.000000e+000	8.674318e-001
1.654542984394763e+001	1.200000e+001	2.136902e+000	1.772242e+000	0.000000e+000	8.874434e-001
1.681685841537621e+001	1.200000e+001	2.204283e+000	1.785808e+000	0.000000e+000	9.092954e-001
1.708828698680479e+001	1.200000e+001	2.268209e+000	1.800421e+000	0.000000e+000	9.333466e-001
1.735971555823336e+001	1.200000e+001	2.328681e+000	1.816079e+000	0.000000e+000	9.595970e-001
1.763114412966193e+001	1.200000e+001	2.385697e+000	1.832783e+000	0.000000e+000	9.880466e-001
1.790257270109051e+001	1.200000e+001	2.439259e+000	1.850533e+000	0.000000e+000	1.018695e+000
1.817400127251909e+001	1.200000e+001	2.489365e+000	1.869329e+000	0.000000e+000	1.051544e+000
1.844542984394766e+001	1.200000e+001	2.536017e+000	1.889170e+000	0.000000e+000	1.086591e+000
1.870257270109052e+001	1.200000e+001	2.576313e+000	1.909326e+000	0.000000e+000	1.120994e+000
1.895971555823338e+001	1.200000e+001	2.613134e+000	1.930666e+000	0.000000e+000	1.155713e+000
1.921685841537624e+001	1.200000e+001	2.646481e+000	1.953192e+000	0.000000e+000	1.190748e+000
1.947400127251910e+001	1.200000e+001	2.676354e+000	1.976903e+000	0.000000e+000	1.226099e+000
1.973114412966197e+001	1.200000e+001	2.702753e+000	2.001799e+000	0.000000e+000	1.261765e+000
1.998828698680483e+001	1.200000e+001	2.725677e+000	2.027880e+000	0.000000e+000	1.297748e+000
2.024542984394769e+001	1.200000e+001	2.745127e+000	2.055146e+000	0.000000e+000	1.334046e+000
2.041685841537626e+001	1.200000e+001	2.756217e+000	2.073977e+000	0.000000e+000	1.357731e+000
2.058828698680484e+001	1.200000e+001	2.765961e+000	2.093256e+000	0.000000e+000	1.380965e+000
2.075971555823341e+001	1.200000e+001	2.774360e+000	2.112982e+000	0.000000e+000	1.403748e+000
2.093114412966198e+001	1.200000e+001	2.781412e+000	2.133155e+000	0.000000e+000	1.426079e+000
2.110257270109056e+001	1.200000e+001	2.787119e+000	2.153775e+000	0.000000e+000	1.447959e+000
2.127400127251913e+001	1.200000e+001	2.791480e+000	2.174842e+000	0.000000e+000	1.469388e+000
2.144542984394770e+001	1.200000e+001	2.794495e+000	2.196357e+000	0.000000e+000	1.490364e+000
2.154542984394771e+001	1.200000e+001	2.795757e+000	2.209058e+000	0.000000e+000	1.502213e+000
2.164542984394771e+001	1.200000e+001	2.796622e+000	2.221884e+000	0.000000e+000	1.513827e+000
2.174542984394771e+001	1.200000e+001	2.797100e+000	2.234829e+000	0.000000e+000	1.525197e+000
2.184542984394771e+001	1.200000e+001	2.797202e+000	2.247890e+000	0.000000e+000	1.536313e+000
2.194542984394771e+001	1.200000e+001	2.796938e+000	2.261060e+000	0.000000e+000	1.547165e+000
2.204542984394771e+001	1.200000e+001	2.796319e+000	2.274337e+000	0.000000e+000	1.557744e+000
2.214542984394771e+001	1.200000e+001	2.795357e+000	2.287712e+000	0.000000e+000	1.568040e+000
2.224542984394772e+001	1.200000e+001	2.794063e+000	2.301183e+000	0.000000e+000	1.578045e+000
2.234542984394772e+001	1.200000e+001	2.792448e+000	2.314742e+000	0.000000e+000	1.587751e+000
2.244542984394772e+001	1.200000e+001	2.790525e+000	2.328386e+000	0.000000e+000	1.597149e+000
2.254542984394772e+001	1.200000e+001	2.788305e+000	2.342107e+000	0.000000e+000	1.606233e+000
2.274542984394772e+001	1.200000e+001	2.783025e+000	2.369761e+000	0.000000e+000	1.623425e+000
2.294542984394773e+001	1.200000e+001	2.776708e+000	2.397656e+000	0.000000e+000	1.639275e+000
2.314542984394773e+001	1.200000e+001	2.769456e+000	2.425746e+000	0.000000e+000	1.653733e+000
2.334542984394773e+001	1.200000e+001	2.761373e+000	2.453981e+000	0.000000e+000	1.666757e+000
2.354542984394773e+001	1.200000e+001	2.752564e+000	2.482311e+000	0.000000e+000	1.678312e+000
2.374542984394774e+001	1.200000e+001	2.743136e+000	2.510687e+000	0.000000e+000	1.688367e+000
2.394542984394774e+001	1.200000e+001	2.733197e+000	2.539057e+000	0.000000e+000	1.696900e+000
2.414542984394774e+001	1.200000e+001	2.722852e+000	2.567371e+000	0.000000e+000	1.703893e+000
2.444542984394775e+001	1.200000e+001	2.706810e+000	2.609626e+000	0.000000e+000	1.711474e+000
2.474542984394775e+001	1.200000e+001	2.690455e+000	2.651472e+000	0.000000e+000	1.715557e+000
2.504542984394776e+001	1.200000e+001	2.674139e+000	2.692742e+000	0.000000e+000	1.716165e+000
2.534542984394776e+001	1.200000e+001	2.658203e+000	2.733274e+000	0.000000e+000	1.713348e+000
2.564542984394776e+001	1.200000e+001	2.642976e+000	2.772914e+000	0.000000e+000	1.707190e+000
2.594542984394777e+001	1.200000e+001	2.628773e+000	2.811512e+000	0.000000e+000	1.697799e+000
2.624542984394777e+001	1.200000e+001	2.615891e+000	2.848929e+000	0.000000e+000	1.685314e+000
2.644542984394778e+001	1.200000e+001	2.608175e+000	2.873153e+000	0.000000e+000	1.675350e+000
2.664542984394778e+001	1.200000e+001	2.601247e+000	2.896758e+000	0.000000e+000	1.664137e+000
2.684542984394778e+001	1.200000e+001	2.595178e+000	2.919711e+000	0.000000e+000	1.651732e+000
2.704542984394778e+001	1.200000e+001	2.590036e+000	2.941980e+000	0.000000e+000	1.638198e+000
2.724542984394779e+001	1.200000e+001	2.585884e+000	2.963537e+000	0.000000e+000	1.623602e+000
2.744542984394779e+001	1.200000e+001	2.582779e+000	2.984354e+000	0.000000e+000	1.608013e+000
2.754542984394779e+001	1.200000e+001	2.581635e+000	2.994479e+000	0.000000e+000	1.599869e+000
2.764542984394779e+001	1.200000e+001	2.580772e+000	3.004410e+000	0.000000e+000	1.591504e+000
2.774542984394779e+001	1.200000e+001	2.580196e+000	3.014146e+000	0.000000e+000	1.582928e+000
2.784542984394780e+001	1.200000e+001	2.579911e+000	3.023683e+000	0.000000e+000	1.574151e+000
2.794542984394780e+001	1.200000e+001	2.579922e+000	3.033020e+000	0.000000e+000	1.565182e+000
2.804542984394780e+001	1.200000e+001	2.580235e+000	3.042154e+000	0.000000e+000	1.556032e+000
2.824542984394780e+001	1.200000e+001	2.581780e+000	3.059810e+000	0.000000e+000	1.537228e+000
2.854542984394780e+001	1.200000e+001	2.586449e+000	3.084736e+000	0.000000e+000	1.507917e+000
2.873114412966209e+001	1.200000e+001	2.590779e+000	3.099216e+000	0.000000e+000	1.489045e+000
2.891685841537638e+001	1.200000e+001	2.596233e+000	3.112967e+000	0.000000e+000	1.470002e+000
2.910257270109067e+001	1.200000e+001	2.602812e+000	3.125990e+000	0.000000e+000	1.450788e+000
2.928828698680496e+001	1.200000e+001	2.610515e+000	3.138284e+000	0.000000e+000	1.431404e+000
2.947400127251925e+001	1.200000e+001	2.619341e+000	3.149849e+000	0.000000e+000	1.411850e+000
2.965971555823354e+001	1.200000e+001	2.629292e+000	3.160686e+000	0.000000e+000	1.392125e+000
2.984542984394782e+001	1.200000e+001	2.640367e+000	3.170794e+000	0.000000e+000	1.372230e+000
3.008828698680497e+001	1.200000e+001	2.656666e+000	3.182859e+000	0.000000e+000	1.346208e+000
3.033114412966211e+001	1.200000e+001	2.674643e+000	3.193823e+000	0.000000e+000	1.320802e+000
3.057400127251926e+001	1.200000e+001	2.694298e+000	3.203685e+000	0.000000e+000	1.296011e+000
3.081685841537641e+001	1.200000e+001	2.715630e+000	3.212447e+000	0.000000e+000	1.271835e+000
3.105971555823356e+001	1.200000e+001	2.738641e+000	3.220108e+000	0.000000e+000	1.248275e+000
3.130257270109070e+001	1.200000e+001	2.763329e+000	3.226667e+000	0.000000e+000	1.225330e+000
3.154542984394785e+001	1.200000e+001	2.789695e+000	3.232126e+000	0.000000e+000	1.203000e+000
3.184542984394785e+001	1.200000e+001	2.823915e+000	3.237710e+000	0.000000e+000	1.177298e+000
3.204542984394785e+001	1.200000e+001	2.847795e+000	3.240691e+000	0.000000e+000	1.161161e+000
3.224542984394785e+001	1.200000e+001	2.872451e+000	3.243119e+000	0.000000e+000	1.145887e+000
3.244542984394786e+001	1.200000e+001	2.897818e+000	3.245028e+000	0.000000e+000	1.131526e+000
3.254542984394786e+001	1.200000e+001	2.910746e+000	3.245800e+000	0.000000e+000	1.124704e+000
3.264542984394786e+001	1.200000e+001	2.923825e+000	3.246456e+000	0.000000e+000	1.118127e+000
3.274542984394786e+001	1.200000e+001	2.937046e+000	3.247001e+000	0.000000e+000	1.111801e+000
3.284542984394786e+001	1.200000e+001	2.950400e+000	3.247441e+000	0.000000e+000	1.105731e+000
3.294542984394786e+001	1.200000e+001	2.963877e+000	3.247779e+000	0.000000e+000	1.099921e+000
3.304542984394787e+001	1.200000e+001	2.977468e+000	3.248021e+000	0.000000e+000	1.094377e+000
3.314542984394787e+001	1.200000e+001	2.991164e+000	3.248171e+000	0.000000e+000	1.089101e+000
3.324542984394787e+001	1.200000e+001	3.004955e+000	3.248236e+000	0.000000e+000	1.084098e+000
3.334542984394787e+001	1.200000e+001	3.018831e+000	3.248219e+000	0.000000e+000	1.079372e+000
3.344542984394787e+001	1.200000e+001	3.032783e+000	3.248126e+000	0.000000e+000	1.074924e+000
3.354542984394787e+001	1.200000e+001	3.046800e+000	3.247962e+000	0.000000e+000	1.070759e+000
3.364542984394787e+001	1.200000e+001	3.060874e+000	3.247732e+000	0.000000e+000	1.066879e+000
3.374542984394788e+001	1.200000e+001	3.074994e+000	3.247441e+000	0.000000e+000	1.063286e+000
3.384542984394788e+001	1.200000e+001	3.089150e+000	3.247095e+000	0.000000e+000	1.059982e+000
3.394542984394788e+001	1.200000e+001	3.103333e+000	3.246698e+000	0.000000e+000	1.056969e+000
3.404542984394788e+001	1.200000e+001	3.117532e+000	3.246255e+000	0.000000e+000	1.054248e+000
3.414542984394788e+001	1.200000e+001	3.131739e+000	3.245773e+000	0.000000e+000	1.051821e+000
3.424542984394788e+001	1.200000e+001	3.145942e+000	3.245255e+000	0.000000e+000	1.049687e+000
3.434542984394788e+001	1.200000e+001	3.160133e+000	3.244706e+000	0.000000e+000	1.047848e+000
3.444542984394789e+001	1.200000e+001	3.174302e+000	3.244133e+000	0.000000e+000	1.046304e+000
3.454542984394789e+001	1.200000e+001	3.188438e+000	3.243540e+000	0.000000e+000	1.045055e+000
3.464542984394789e+001	1.200000e+001	3.202533e+000	3.242931e+000	0.000000e+000	1.044100e+000
3.474542984394789e+001	1.200000e+001	3.216576e+000	3.242313e+000	0.000000e+000	1.043439e+000
3.484542984394789e+001	1.200000e+001	3.230559e+000	3.241689e+000	0.000000e+000	1.043070e+000
3.494542984394789e+001	1.200000e+001	3.244472e+000	3.241066e+000	0.000000e+000	1.042993e+000
3.504542984394789e+001	1.200000e+001	3.258305e+000	3.240446e+000	0.000000e+000	1.043205e+000
3.514542984394790e+001	1.200000e+001	3.272050e+000	3.239837e+000	0.000000e+000	1.043706e+000
3.524542984394790e+001	1.200000e+001	3.285698e+000	3.239241e+000	0.000000e+000	1.044493e+000
3.534542984394790e+001	1.200000e+001	3.299239e+000	3.238664e+000	0.000000e+000	1.045563e+000
3.544542984394790e+001	1.200000e+001	3.312664e+000	3.238110e+000	0.000000e+000	1.046914e+000
3.554542984394790e+001	1.200000e+001	3.325966e+000	3.237584e+000	0.000000e+000	1.048544e+000
3.564542984394790e+001	1.200000e+001	3.339135e+000	3.237091e+000	0.000000e+000	1.050448e+000
3.574542984394790e+001	1.200000e+001	3.352164e+000	3.236634e+000	0.000000e+000	1.052624e+000
3.584542984394791e+001	1.200000e+001	3.365043e+000	3.236217e+000	0.000000e+000	1.055067e+000
3.594542984394791e+001	1.200000e+001	3.377766e+000	3.235847e+000	0.000000e+000	1.057775e+000
3.604542984394791e+001	1.200000e+001	3.390324e+000	3.235525e+000	0.000000e+000	1.060742e+000
3.614542984394791e+001	1.200000e+001	3.402709e+000	3.235256e+000	0.000000e+000	1.063964e+000
3.624542984394791e+001	1.200000e+001	3.414915e+000	3.235045e+000	0.000000e+000	1.067438e+000
3.634542984394791e+001	1.200000e+001	3.426933e+000	3.234895e+000	0.000000e+000	1.071157e+000
3.644542984394791e+001	1.200000e+001	3.438757e+000	3.234809e+000	0.000000e+000	1.075117e+000
3.654542984394792e+001	1.200000e+001	3.450380e+000	3.234791e+000	0.000000e+000	1.079312e+000
3.664542984394792e+001	1.200000e+001	3.461795e+000	3.234845e+000	0.000000e+000	1.083737e+000
3.674542984394792e+001	1.200000e+001	3.472997e+000	3.234975e+000	0.000000e+000	1.088387e+000
3.684542984394792e+001	1.200000e+001	3.483978e+000	3.235182e+000	0.000000e+000	1.093255e+000
3.694542984394792e+001	1.200000e+001	3.494733e+000	3.235472e+000	0.000000e+000	1.098336e+000
3.704542984394792e+001	1.200000e+001	3.505255e+000	3.235845e+000	0.000000e+000	1.103623e+000
3.714542984394792e+001	1.200000e+001	3.515541e+000	3.236307e+000	0.000000e+000	1.109109e+000
3.734542984394793e+001	1.200000e+001	3.535379e+000	3.237502e+000	0.000000e+000	1.120655e+000
3.754542984394793e+001	1.200000e+001	3.554209e+000	3.239080e+000	0.000000e+000	1.132918e+000
3.784542984394793e+001	1.200000e+001	3.580488e+000	3.242201e+000	0.000000e+000	1.152536e+000
3.805971555823365e+001	1.200000e+001	3.597803e+000	3.244990e+000	0.000000e+000	1.167546e+000
3.827400127251937e+001	1.200000e+001	3.613798e+000	3.248307e+000	0.000000e+000	1.182942e+000
3.848828698680509e+001	1.200000e+001	3.628475e+000	3.252152e+000	0.000000e+000	1.198723e+000
3.870257270109080e+001	1.200000e+001	3.641833e+000	3.256525e+000	0.000000e+000	1.214891e+000
3.891685841537652e+001	1.200000e+001	3.653872e+000	3.261425e+000	0.000000e+000	1.231444e+000
3.913114412966224e+001	1.200000e+001	3.664593e+000	3.266854e+000	0.000000e+000	1.248383e+000
3.934542984394795e+001	1.200000e+001	3.673995e+000	3.272810e+000	0.000000e+000	1.265708e+000
3.950257270109081e+001	1.200000e+001	3.680005e+000	3.277541e+000	0.000000e+000	1.278416e+000
3.965971555823367e+001	1.200000e+001	3.685323e+000	3.282552e+000	0.000000e+000	1.291072e+000
3.981685841537653e+001	1.200000e+001	3.689948e+000	3.287845e+000	0.000000e+000	1.303675e+000
3.997400127251940e+001	1.200000e+001	3.693879e+000	3.293418e+000	0.000000e+000	1.316228e+000
4.013114412966225e+001	1.200000e+001	3.697118e+000	3.299272e+000	0.000000e+000	1.328728e+000
4.028828698680511e+001	1.200000e+001	3.699663e+000	3.305406e+000	0.000000e+000	1.341176e+000
4.044542984394797e+001	1.200000e+001	3.701515e+000	3.311821e+000	0.000000e+000	1.353572e+000
4.054542984394797e+001	1.200000e+001	3.702367e+000	3.316035e+000	0.000000e+000	1.361332e+000
4.064542984394797e+001	1.200000e+001	3.702958e+000	3.320354e+000	0.000000e+000	1.369022e+000
4.074542984394797e+001	1.200000e+001	3.703290e+000	3.324775e+000	0.000000e+000	1.376633e+000
4.084542984394798e+001	1.200000e+001	3.703370e+000	3.329298e+000	0.000000e+000	1.384159e+000
4.094542984394798e+001	1.200000e+001	3.703200e+000	3.333921e+000	0.000000e+000	1.391592e+000
4.104542984394798e+001	1.200000e+001	3.702786e+000	3.338640e+000	0.000000e+000	1.398926e+000
4.114542984394798e+001	1.200000e+001	3.702132e+000	3.343454e+000	0.000000e+000	1.406155e+000
4.124542984394798e+001	1.200000e+001	3.701243e+000	3.348361e+000	0.000000e+000	1.413270e+000
4.144542984394798e+001	1.200000e+001	3.698782e+000	3.358443e+000	0.000000e+000	1.427138e+000
4.164542984394799e+001	1.200000e+001	3.695447e+000	3.368864e+000	0.000000e+000	1.440479e+000
4.184542984394799e+001	1.200000e+001	3.691282e+000	3.379602e+000	0.000000e+000	1.453247e+000
4.204542984394799e+001	1.200000e+001	3.686337e+000	3.390635e+000	0.000000e+000	1.465397e+000
4.234542984394800e+001	1.200000e+001	3.677569e+000	3.407684e+000	0.000000e+000	1.482375e+000
4.264542984394800e+001	1.200000e+001	3.667342e+000	3.425252e+000	0.000000e+000	1.497742e+000
4.294542984394801e+001	1.200000e+001	3.655844e+000	3.443250e+000	0.000000e+000	1.511389e+000
4.324542984394801e+001	1.200000e+001	3.643273e+000	3.461582e+000	0.000000e+000	1.523224e+000
4.354542984394801e+001	1.200000e+001	3.629829e+000	3.480152e+000	0.000000e+000	1.533169e+000
4.384542984394802e+001	1.200000e+001	3.615717e+000	3.498859e+000	0.000000e+000	1.541168e+000
4.414542984394802e+001	1.200000e+001	3.601144e+000	3.517605e+000	0.000000e+000	1.547181e+000
4.444542984394803e+001	1.200000e+001	3.586315e+000	3.536289e+000	0.000000e+000	1.551188e+000
4.474542984394803e+001	1.200000e+001	3.571433e+000	3.554813e+000	0.000000e+000	1.553187e+000
4.504542984394804e+001	1.200000e+001	3.556699e+000	3.573080e+000	0.000000e+000	1.553191e+000
4.534542984394804e+001	1.200000e+001	3.542305e+000	3.590997e+000	0.000000e+000	1.551236e+000
4.564542984394804e+001	1.200000e+001	3.528439e+000	3.608473e+000	0.000000e+000	1.547369e+000
4.594542984394805e+001	1.200000e+001	3.515278e+000	3.625422e+000	0.000000e+000	1.541658e+000
4.624542984394805e+001	1.200000e+001	3.502989e+000	3.641764e+000	0.000000e+000	1.534183e+000
4.654542984394806e+001	1.200000e+001	3.491727e+000	3.657423e+000	0.000000e+000	1.525041e+000
4.684542984394806e+001	1.200000e+001	3.481637e+000	3.672330e+000	0.000000e+000	1.514340e+000
4.714542984394807e+001	1.200000e+001	3.472848e+000	3.686425e+000	0.000000e+000	1.502202e+000
4.744542984394807e+001	1.200000e+001	3.465473e+000	3.699652e+000	0.000000e+000	1.488759e+000
4.774542984394807e+001	1.200000e+001	3.459612e+000	3.711964e+000	0.000000e+000	1.474152e+000
4.804542984394808e+001	1.200000e+001	3.455349e+000	3.723323e+000	0.000000e+000	1.458531e+000
4.834542984394808e+001	1.200000e+001	3.452748e+000	3.733697e+000	0.000000e+000	1.442051e+000
4.854542984394809e+001	1.200000e+001	3.451964e+000	3.740055e+000	0.000000e+000	1.430667e+000
4.864542984394809e+001	1.200000e+001	3.451861e+000	3.743065e+000	0.000000e+000	1.424874e+000
4.884542984394809e+001	1.200000e+001	3.452239e+000	3.748744e+000	0.000000e+000	1.413117e+000
4.898828698680524e+001	1.200000e+001	3.452990e+000	3.752519e+000	0.000000e+000	1.404556e+000
4.913114412966238e+001	1.200000e+001	3.454138e+000	3.756063e+000	0.000000e+000	1.395963e+000
4.927400127251953e+001	1.200000e+001	3.455684e+000	3.759376e+000	0.000000e+000	1.387338e+000
4.941685841537667e+001	1.200000e+001	3.457628e+000	3.762459e+000	0.000000e+000	1.378680e+000
4.955971555823381e+001	1.200000e+001	3.459969e+000	3.765310e+000	0.000000e+000	1.369989e+000
4.970257270109096e+001	1.200000e+001	3.462707e+000	3.767930e+000	0.000000e+000	1.361266e+000
4.984542984394810e+001	1.200000e+001	3.465844e+000	3.770320e+000	0.000000e+000	1.352511e+000
5.001685841537667e+001	1.200000e+001	3.470144e+000	3.772877e+000	0.000000e+000	1.342028e+000
5.018828698680525e+001	1.200000e+001	3.474964e+000	3.775131e+000	0.000000e+000	1.331689e+000
5.035971555823382e+001	1.200000e+001	3.480304e+000	3.777082e+000	0.000000e+000	1.321496e+000
5.053114412966240e+001	1.200000e+001	3.486163e+000	3.778729e+000	0.000000e+000	1.311448e+000
5.070257270109097e+001	1.200000e+001	3.492542e+000	3.780073e+000	0.000000e+000	1.301545e+000
5.087400127251955e+001	1.200000e+001	3.499441e+000	3.781113e+000	0.000000e+000	1.291787e+000
5.104542984394812e+001	1.200000e+001	3.506859e+000	3.781850e+000	0.000000e+000	1.282174e+000
5.114542984394812e+001	1.200000e+001	3.511383e+000	3.782163e+000	0.000000e+000	1.276716e+000
5.124542984394812e+001	1.200000e+001	3.516061e+000	3.782384e+000	0.000000e+000	1.271345e+000
5.134542984394813e+001	1.200000e+001	3.520890e+000	3.782516e+000	0.000000e+000	1.266066e+000
5.144542984394813e+001	1.200000e+001	3.525867e+000	3.782559e+000	0.000000e+000	1.260882e+000
5.154542984394813e+001	1.200000e+001	3.530986e+000	3.782517e+000	0.000000e+000	1.255800e+000
5.164542984394813e+001	1.200000e+001	3.536245e+000	3.782393e+000	0.000000e+000	1.250823e+000
5.174542984394813e+001	1.200000e+001	3.541637e+000	3.782186e+000	0.000000e+000	1.245956e+000
5.184542984394813e+001	1.200000e+001	3.547161e+000	3.781901e+000	0.000000e+000	1.241204e+000
5.194542984394813e+001	1.200000e+001	3.552809e+000	3.781540e+000	0.000000e+000	1.236569e+000
5.204542984394814e+001	1.200000e+001	3.558578e+000	3.781104e+000	0.000000e+000	1.232056e+000
5.224542984394814e+001	1.200000e+001	3.570459e+000	3.780021e+000	0.000000e+000	1.223413e+000
5.244542984394814e+001	1.200000e+001	3.582764e+000	3.778672e+000	0.000000e+000	1.215302e+000
5.264542984394814e+001	1.200000e+001	3.595453e+000	3.777079e+000	0.000000e+000	1.207749e+000
5.284542984394815e+001	1.200000e+001	3.608483e+000	3.775262e+000	0.000000e+000	1.200780e+000
5.304542984394815e+001	1.200000e+001	3.621811e+000	3.773244e+000	0.000000e+000	1.194415e+000
5.324542984394815e+001	1.200000e+001	3.635393e+000	3.771048e+000	0.000000e+000	1.188672e+000
5.354542984394816e+001	1.200000e+001	3.656145e+000	3.767470e+000	0.000000e+000	1.181259e+000
5.384542984394816e+001	1.200000e+001	3.677216e+000	3.763620e+000	0.000000e+000	1.175325e+000
5.414542984394817e+001	1.200000e+001	3.698452e+000	3.759576e+000	0.000000e+000	1.170898e+000
5.444542984394817e+001	1.200000e+001	3.719701e+000	3.755418e+000	0.000000e+000	1.167993e+000
5.474542984394817e+001	1.200000e+001	3.740810e+000	3.751222e+000	0.000000e+000	1.166610e+000
5.504542984394818e+001	1.200000e+001	3.761633e+000	3.747064e+000	0.000000e+000	1.166737e+000
5.534542984394818e+001	1.200000e+001	3.782026e+000	3.743019e+000	0.000000e+000	1.168347e+000
5.564542984394819e+001	1.200000e+001	3.801849e+000	3.739156e+000	0.000000e+000	1.171402e+000
5.594542984394819e+001	1.200000e+001	3.820972e+000	3.735543e+000	0.000000e+000	1.175850e+000
5.624542984394820e+001	1.200000e+001	3.839271e+000	3.732244e+000	0.000000e+000	1.181629e+000
5.654542984394820e+001	1.200000e+001	3.856632e+000	3.729318e+000	0.000000e+000	1.188666e+000
5.684542984394820e+001	1.200000e+001	3.872948e+000	3.726819e+000	0.000000e+000	1.196876e+000
5.714542984394821e+001	1.200000e+001	3.888127e+000	3.724795e+000	0.000000e+000	1.206167e+000
5.734542984394821e+001	1.200000e+001	3.897572e+000	3.723731e+000	0.000000e+000	1.212912e+000
5.754542984394821e+001	1.200000e+001	3.906452e+000	3.722910e+000	0.000000e+000	1.220062e+000
5.774542984394822e+001	1.200000e+001	3.914747e+000	3.722341e+000	0.000000e+000	1.227583e+000
5.784542984394822e+001	1.200000e+001	3.918669e+000	3.722154e+000	0.000000e+000	1.231472e+000
5.794542984394822e+001	1.200000e+001	3.922440e+000	3.722034e+000	0.000000e+000	1.235442e+000
5.804542984394822e+001	1.200000e+001	3.926057e+000	3.721980e+000	0.000000e+000	1.239486e+000
5.814542984394822e+001	1.200000e+001	3.929517e+000	3.721995e+000	0.000000e+000	1.243603e+000
5.824542984394822e+001	1.200000e+001	3.932821e+000	3.722078e+000	0.000000e+000	1.247785e+000
5.844542984394823e+001	1.200000e+001	3.938952e+000	3.722455e+000	0.000000e+000	1.256332e+000
5.860257270109108e+001	1.200000e+001	3.943321e+000	3.722948e+000	0.000000e+000	1.263244e+000
5.875971555823394e+001	1.200000e+001	3.947289e+000	3.723618e+000	0.000000e+000	1.270222e+000
5.891685841537680e+001	1.200000e+001	3.950855e+000	3.724467e+000	0.000000e+000	1.277268e+000
5.907400127251967e+001	1.200000e+001	3.954021e+000	3.725493e+000	0.000000e+000	1.284382e+000
5.923114412966253e+001	1.200000e+001	3.956785e+000	3.726697e+000	0.000000e+000	1.291562e+000
5.938828698680538e+001	1.200000e+001	3.959149e+000	3.728079e+000	0.000000e+000	1.298810e+000
5.954542984394824e+001	1.200000e+001	3.961112e+000	3.729638e+000	0.000000e+000	1.306125e+000
5.984542984394825e+001	1.200000e+001	3.963763e+000	3.733102e+000	0.000000e+000	1.319998e+000
6.004542984394825e+001	1.200000e+001	3.964742e+000	3.735762e+000	0.000000e+000	1.329193e+000
6.014542984394825e+001	1.200000e+001	3.964999e+000	3.737195e+000	0.000000e+000	1.333761e+000
6.024542984394825e+001	1.200000e+001	3.965103e+000	3.738696e+000	0.000000e+000	1.338303e+000
6.034542984394825e+001	1.200000e+001	3.965056e+000	3.740264e+000	0.000000e+000	1.342815e+000
6.044542984394825e+001	1.200000e+001	3.964860e+000	3.741898e+000	0.000000e+000	1.347292e+000
6.054542984394826e+001	1.200000e+001	3.964517e+000	3.743596e+000	0.000000e+000	1.351731e+000
6.074542984394826e+001	1.200000e+001	3.963398e+000	3.747185e+000	0.000000e+000	1.360476e+000
6.094542984394826e+001	1.200000e+001	3.961719e+000	3.751020e+000	0.000000e+000	1.369016e+000
6.114542984394826e+001	1.200000e+001	3.959499e+000	3.755093e+000	0.000000e+000	1.377320e+000
6.144542984394827e+001	1.200000e+001	3.955208e+000	3.761621e+000	0.000000e+000	1.389267e+000
6.174542984394827e+001	1.200000e+001	3.949837e+000	3.768617e+000	0.000000e+000	1.400518e+000
6.204542984394828e+001	1.200000e+001	3.943477e+000	3.776036e+000	0.000000e+000	1.410984e+000
6.234542984394828e+001	1.200000e+001	3.936226e+000	3.783830e+000	0.000000e+000	1.420584e+000
6.264542984394829e+001	1.200000e+001	3.928190e+000	3.791948e+000	0.000000e+000	1.429248e+000
6.294542984394829e+001	1.200000e+001	3.919476e+000	3.800338e+000	0.000000e+000	1.436913e+000
6.324542984394829e+001	1.200000e+001	3.910198e+000	3.808942e+000	0.000000e+000	1.443528e+000
6.354542984394830e+001	1.200000e+001	3.900472e+000	3.817706e+000	0.000000e+000	1.449051e+000
6.384542984394830e+001	1.200000e+001	3.890414e+000	3.826570e+000	0.000000e+000	1.453451e+000
6.414542984394829e+001	1.200000e+001	3.880143e+000	3.835478e+000	0.000000e+000	1.456707e+000
6.447400127251970e+001	1.200000e+001	3.868440e+000	3.845386e+000	0.000000e+000	1.458856e+000
6.480257270109111e+001	1.200000e+001	3.857128e+000	3.855028e+000	0.000000e+000	1.459702e+000
6.513114412966252e+001	1.200000e+001	3.846207e+000	3.864405e+000	0.000000e+000	1.459246e+000
6.545971555823394e+001	1.200000e+001	3.835678e+000	3.873516e+000	0.000000e+000	1.457488e+000
6.578828698680535e+001	1.200000e+001	3.825539e+000	3.882361e+000	0.000000e+000	1.454428e+000
6.611685841537675e+001	1.200000e+001	3.815791e+000	3.890941e+000	0.000000e+000	1.450066e+000
6.644542984394816e+001	1.200000e+001	3.806435e+000	3.899255e+000	0.000000e+000	1.444401e+000
6.665971555823387e+001	1.200000e+001	3.800931e+000	3.904344e+000	0.000000e+000	1.440125e+000
6.687400127251956e+001	1.200000e+001	3.795864e+000	3.909187e+000	0.000000e+000	1.435481e+000
6.708828698680527e+001	1.200000e+001	3.791232e+000	3.913786e+000	0.000000e+000	1.430469e+000
6.730257270109097e+001	1.200000e+001	3.787037e+000	3.918140e+000	0.000000e+000	1.425090e+000
6.751685841537667e+001	1.200000e+001	3.783278e+000	3.922249e+000	0.000000e+000	1.419344e+000
6.773114412966237e+001	1.200000e+001	3.779955e+000	3.926112e+000	0.000000e+000	1.413230e+000
6.794542984394808e+001	1.200000e+001	3.777069e+000	3.929731e+000	0.000000e+000	1.406748e+000
6.807400127251950e+001	1.200000e+001	3.775601e+000	3.931759e+000	0.000000e+000	1.402759e+000
6.820257270109092e+001	1.200000e+001	3.774319e+000	3.933684e+000	0.000000e+000	1.398702e+000
6.833114412966233e+001	1.200000e+001	3.773224e+000	3.935507e+000	0.000000e+000	1.394578e+000
6.845971555823377e+001	1.200000e+001	3.772315e+000	3.937227e+000	0.000000e+000	1.390385e+000
6.858828698680519e+001	1.200000e+001	3.771593e+000	3.938845e+000	0.000000e+000	1.386126e+000
6.871685841537661e+001	1.200000e+001	3.771057e+000	3.940362e+000	0.000000e+000	1.381798e+000
6.884542984394803e+001	1.200000e+001	3.770708e+000	3.941775e+000	0.000000e+000	1.377403e+000
6.891685841537660e+001	1.200000e+001	3.770598e+000	3.942515e+000	0.000000e+000	1.374950e+000
6.898828698680516e+001	1.200000e+001	3.770546e+000	3.943222e+000	0.000000e+000	1.372488e+000
6.905971555823373e+001	1.200000e+001	3.770554e+000	3.943898e+000	0.000000e+000	1.370019e+000
6.913114412966229e+001	1.200000e+001	3.770620e+000	3.944541e+000	0.000000e+000	1.367541e+000
6.920257270109086e+001	1.200000e+001	3.770745e+000	3.945153e+000	0.000000e+000	1.365055e+000
6.927400127251943e+001	1.200000e+001	3.770929e+000	3.945732e+000	0.000000e+000	1.362561e+000
6.934542984394800e+001	1.200000e+001	3.771172e+000	3.946279e+000	0.000000e+000	1.360058e+000
6.948828698680514e+001	1.200000e+001	3.771838e+000	3.947275e+000	0.000000e+000	1.355025e+000
6.963114412966226e+001	1.200000e+001	3.772732e+000	3.948147e+000	0.000000e+000	1.350012e+000
6.977400127251940e+001	1.200000e+001	3.773851e+000	3.948896e+000	0.000000e+000	1.345020e+000
6.991685841537654e+001	1.200000e+001	3.775197e+000	3.949521e+000	0.000000e+000	1.340049e+000
7.005971555823368e+001	1.200000e+001	3.776769e+000	3.950022e+000	0.000000e+000	1.335098e+000
7.020257270109080e+001	1.200000e+001	3.778568e+000	3.950400e+000	0.000000e+000	1.330168e+000
7.034542984394794e+001	1.200000e+001	3.780593e+000	3.950655e+000	0.000000e+000	1.325259e+000
7.044542984394794e+001	1.200000e+001	3.782133e+000	3.950766e+000	0.000000e+000	1.321872e+000
7.054542984394793e+001	1.200000e+001	3.783777e+000	3.950820e+000	0.000000e+000	1.318515e+000
7.064542984394792e+001	1.200000e+001	3.785523e+000	3.950819e+000	0.000000e+000	1.315192e+000
7.074542984394792e+001	1.200000e+001	3.787369e+000	3.950762e+000	0.000000e+000	1.311905e+000
7.084542984394791e+001	1.200000e+001	3.789313e+000	3.950652e+000	0.000000e+000	1.308657e+000
7.094542984394791e+001	1.200000e+001	3.791354e+000	3.950489e+000	0.000000e+000	1.305453e+000
7.114542984394790e+001	1.200000e+001	3.795717e+000	3.950007e+000	0.000000e+000	1.299183e+000
7.134542984394788e+001	1.200000e+001	3.800440e+000	3.949326e+000	0.000000e+000	1.293118e+000
7.154542984394787e+001	1.200000e+001	3.805506e+000	3.948456e+000	0.000000e+000	1.287280e+000
7.174542984394786e+001	1.200000e+001	3.810895e+000	3.947405e+000	0.000000e+000	1.281689e+000
7.204542984394784e+001	1.200000e+001	3.819539e+000	3.945516e+000	0.000000e+000	1.273810e+000
7.234542984394783e+001	1.200000e+001	3.828788e+000	3.943283e+000	0.000000e+000	1.266592e+000
7.264542984394781e+001	1.200000e+001	3.838566e+000	3.940746e+000	0.000000e+000	1.260089e+000
7.294542984394779e+001	1.200000e+001	3.848789e+000	3.937948e+000	0.000000e+000	1.254346e+000
7.324542984394778e+001	1.200000e+001	3.859374e+000	3.934931e+000	0.000000e+000	1.249402e+000
7.354542984394776e+001	1.200000e+001	3.870232e+000	3.931740e+000	0.000000e+000	1.245288e+000
7.384542984394774e+001	1.200000e+001	3.881277e+000	3.928418e+000	0.000000e+000	1.242028e+000
7.414542984394772e+001	1.200000e+001	3.892420e+000	3.925011e+000	0.000000e+000	1.239635e+000
7.444542984394771e+001	1.200000e+001	3.903572e+000	3.921563e+000	0.000000e+000	1.238118e+000
7.474542984394769e+001	1.200000e+001	3.914647e+000	3.918119e+000	0.000000e+000	1.237474e+000
7.504542984394767e+001	1.200000e+001	3.925559e+000	3.914722e+000	0.000000e+000	1.237697e+000
7.534542984394766e+001	1.200000e+001	3.936227e+000	3.911413e+000	0.000000e+000	1.238768e+000
7.564542984394764e+001	1.200000e+001	3.946571e+000	3.908232e+000	0.000000e+000	1.240665e+000
7.594542984394762e+001	1.200000e+001	3.956516e+000	3.905218e+000	0.000000e+000	1.243357e+000
7.624542984394761e+001	1.200000e+001	3.965992e+000	3.902406e+000	0.000000e+000	1.246806e+000
7.654542984394759e+001	1.200000e+001	3.974933e+000	3.899829e+000	0.000000e+000	1.250971e+000
7.684542984394757e+001	1.200000e+001	3.983280e+000	3.897519e+000	0.000000e+000	1.255801e+000
7.714542984394755e+001	1.200000e+001	3.990979e+000	3.895501e+000	0.000000e+000	1.261242e+000
7.744542984394754e+001	1.200000e+001	3.997983e+000	3.893801e+000	0.000000e+000	1.267237e+000
7.774542984394752e+001	1.200000e+001	4.004253e+000	3.892438e+000	0.000000e+000	1.273721e+000
7.804542984394750e+001	1.200000e+001	4.009754e+000	3.891430e+000	0.000000e+000	1.280631e+000
7.834542984394749e+001	1.200000e+001	4.014461e+000	3.890791e+000	0.000000e+000	1.287896e+000
7.854542984394747e+001	1.200000e+001	4.017147e+000	3.890574e+000	0.000000e+000	1.292902e+000
7.864542984394747e+001	1.200000e+001	4.018354e+000	3.890530e+000	0.000000e+000	1.295446e+000
7.874542984394746e+001	1.200000e+001	4.019469e+000	3.890528e+000	0.000000e+000	1.298013e+000
7.944542984394742e+001	1.200000e+001	4.024700e+000	3.891716e+000	0.000000e+000	1.316424e+000
7.974542984394741e+001	1.200000e+001	4.025572e+000	3.892866e+000	0.000000e+000	1.324400e+000
7.984542984394740e+001	1.200000e+001	4.025683e+000	3.893333e+000	0.000000e+000	1.327050e+000
7.994542984394739e+001	1.200000e+001	4.025706e+000	3.893842e+000	0.000000e+000	1.329692e+000
8.004542984394739e+001	1.200000e+001	4.025641e+000	3.894391e+000	0.000000e+000	1.332324e+000
8.014542984394738e+001	1.200000e+001	4.025489e+000	3.894981e+000	0.000000e+000	1.334941e+000
8.034542984394737e+001	1.200000e+001	4.024929e+000	3.896281e+000	0.000000e+000	1.340126e+000
8.054542984394736e+001	1.200000e+001	4.024033e+000	3.897737e+000	0.000000e+000	1.345226e+000
8.084542984394734e+001	1.200000e+001	4.022084e+000	3.900203e+000	0.000000e+000	1.352676e+000
8.114542984394733e+001	1.200000e+001	4.019443e+000	3.902991e+000	0.000000e+000	1.359830e+000
8.144542984394731e+001	1.200000e+001	4.016153e+000	3.906079e+000	0.000000e+000	1.366630e+000
8.174542984394729e+001	1.200000e+001	4.012263e+000	3.909442e+000	0.000000e+000	1.373020e+000
8.204542984394728e+001	1.200000e+001	4.007826e+000	3.913056e+000	0.000000e+000	1.378951e+000
8.234542984394726e+001	1.200000e+001	4.002899e+000	3.916892e+000	0.000000e+000	1.384378e+000
8.264542984394724e+001	1.200000e+001	3.997542e+000	3.920920e+000	0.000000e+000	1.389259e+000
8.294542984394722e+001	1.200000e+001	3.991818e+000	3.925110e+000	0.000000e+000	1.393561e+000
8.337400127251863e+001	1.200000e+001	3.982656e+000	3.931547e+000	0.000000e+000	1.398645e+000
8.380257270109003e+001	1.200000e+001	3.973554e+000	3.937912e+000	0.000000e+000	1.402404e+000
8.423114412966143e+001	1.200000e+001	3.964512e+000	3.944207e+000	0.000000e+000	1.404839e+000
8.465971555823285e+001	1.200000e+001	3.955531e+000	3.950429e+000	0.000000e+000	1.405950e+000
8.508828698680425e+001	1.200000e+001	3.946611e+000	3.956581e+000	0.000000e+000	1.405736e+000
8.551685841537565e+001	1.200000e+001	3.937750e+000	3.962660e+000	0.000000e+000	1.404199e+000
8.594542984394705e+001	1.200000e+001	3.928951e+000	3.968668e+000	0.000000e+000	1.401337e+000
8.620257270108989e+001	1.200000e+001	3.924202e+000	3.971991e+000	0.000000e+000	1.399022e+000
8.645971555823275e+001	1.200000e+001	3.919793e+000	3.975130e+000	0.000000e+000	1.396372e+000
8.671685841537558e+001	1.200000e+001	3.915724e+000	3.978086e+000	0.000000e+000	1.393385e+000
8.697400127251842e+001	1.200000e+001	3.911996e+000	3.980859e+000	0.000000e+000	1.390063e+000
8.723114412966126e+001	1.200000e+001	3.908608e+000	3.983449e+000	0.000000e+000	1.386405e+000
8.748828698680411e+001	1.200000e+001	3.905561e+000	3.985856e+000	0.000000e+000	1.382410e+000
8.774542984394695e+001	1.200000e+001	3.902853e+000	3.988079e+000	0.000000e+000	1.378080e+000
8.790257270108980e+001	1.200000e+001	3.901430e+000	3.989317e+000	0.000000e+000	1.375340e+000
8.805971555823265e+001	1.200000e+001	3.900169e+000	3.990469e+000	0.000000e+000	1.372540e+000
8.821685841537550e+001	1.200000e+001	3.899068e+000	3.991536e+000	0.000000e+000	1.369679e+000
8.837400127251834e+001	1.200000e+001	3.898130e+000	3.992517e+000	0.000000e+000	1.366758e+000
8.853114412966119e+001	1.200000e+001	3.897353e+000	3.993414e+000	0.000000e+000	1.363777e+000
8.868828698680404e+001	1.200000e+001	3.896737e+000	3.994225e+000	0.000000e+000	1.360735e+000
8.884542984394689e+001	1.200000e+001	3.896283e+000	3.994951e+000	0.000000e+000	1.357632e+000
8.914542984394687e+001	1.200000e+001	3.895884e+000	3.996091e+000	0.000000e+000	1.351662e+000
8.924542984394687e+001	1.200000e+001	3.895885e+000	3.996401e+000	0.000000e+000	1.349654e+000
8.944542984394685e+001	1.200000e+001	3.896087e+000	3.996915e+000	0.000000e+000	1.345627e+000
8.974542984394684e+001	1.200000e+001	3.896886e+000	3.997425e+000	0.000000e+000	1.339581e+000
8.994542984394683e+001	1.200000e+001	3.897744e+000	3.997594e+000	0.000000e+000	1.335573e+000
9.004542984394682e+001	1.200000e+001	3.898269e+000	3.997628e+000	0.000000e+000	1.333581e+000
9.014542984394682e+001	1.200000e+001	3.898858e+000	3.997629e+000	0.000000e+000	1.331599e+000
9.024542984394681e+001	1.200000e+001	3.899508e+000	3.997597e+000	0.000000e+000	1.329631e+000
9.034542984394680e+001	1.200000e+001	3.900220e+000	3.997532e+000	0.000000e+000	1.327677e+000
9.054542984394679e+001	1.200000e+001	3.901826e+000	3.997308e+000	0.000000e+000	1.323820e+000
9.074542984394678e+001	1.200000e+001	3.903667e+000	3.996959e+000	0.000000e+000	1.320044e+000
9.094542984394677e+001	1.200000e+001	3.905736e+000	3.996491e+000	0.000000e+000	1.316362e+000
9.124542984394675e+001	1.200000e+001	3.909243e+000	3.995574e+000	0.000000e+000	1.311046e+000
9.154542984394674e+001	1.200000e+001	3.913206e+000	3.994416e+000	0.000000e+000	1.306017e+000
9.184542984394672e+001	1.200000e+001	3.917585e+000	3.993036e+000	0.000000e+000	1.301314e+000
9.214542984394670e+001	1.200000e+001	3.922342e+000	3.991454e+000	0.000000e+000	1.296975e+000
9.244542984394668e+001	1.200000e+001	3.927430e+000	3.989693e+000	0.000000e+000	1.293032e+000
9.274542984394667e+001	1.200000e+001	3.932804e+000	3.987776e+000	0.000000e+000	1.289513e+000
9.304542984394665e+001	1.200000e+001	3.938417e+000	3.985727e+000	0.000000e+000	1.286443e+000
9.324542984394664e+001	1.200000e+001	3.942266e+000	3.984300e+000	0.000000e+000	1.284656e+000
9.354542984394662e+001	1.200000e+001	3.948165e+000	3.982088e+000	0.000000e+000	1.282376e+000
9.391685841537517e+001	1.200000e+001	3.955834e+000	3.979147e+000	0.000000e+000	1.280269e+000
9.428828698680373e+001	1.200000e+001	3.963335e+000	3.976273e+000	0.000000e+000	1.278906e+000
9.465971555823228e+001	1.200000e+001	3.970670e+000	3.973466e+000	0.000000e+000	1.278288e+000
9.503114412966082e+001	1.200000e+001	3.977838e+000	3.970724e+000	0.000000e+000	1.278415e+000
9.540257270108937e+001	1.200000e+001	3.984838e+000	3.968048e+000	0.000000e+000	1.279287e+000
9.577400127251792e+001	1.200000e+001	3.991671e+000	3.965439e+000	0.000000e+000	1.280903e+000
9.614542984394647e+001	1.200000e+001	3.998338e+000	3.962896e+000	0.000000e+000	1.283265e+000
9.637400127251789e+001	1.200000e+001	4.002116e+000	3.961485e+000	0.000000e+000	1.285039e+000
9.660257270108930e+001	1.200000e+001	4.005674e+000	3.960179e+000	0.000000e+000	1.287008e+000
9.683114412966071e+001	1.200000e+001	4.009012e+000	3.958977e+000	0.000000e+000	1.289169e+000
9.705971555823214e+001	1.200000e+001	4.012130e+000	3.957879e+000	0.000000e+000	1.291524e+000
9.728828698680356e+001	1.200000e+001	4.015028e+000	3.956885e+000	0.000000e+000	1.294073e+000
9.751685841537497e+001	1.200000e+001	4.017705e+000	3.955996e+000	0.000000e+000	1.296814e+000
9.774542984394638e+001	1.200000e+001	4.020163e+000	3.955210e+000	0.000000e+000	1.299750e+000
9.788828698680352e+001	1.200000e+001	4.021554e+000	3.954789e+000	0.000000e+000	1.301643e+000
9.803114412966065e+001	1.200000e+001	4.022842e+000	3.954417e+000	0.000000e+000	1.303574e+000
9.817400127251779e+001	1.200000e+001	4.024025e+000	3.954096e+000	0.000000e+000	1.305544e+000
9.831685841537492e+001	1.200000e+001	4.025103e+000	3.953824e+000	0.000000e+000	1.307553e+000
9.845971555823206e+001	1.200000e+001	4.026078e+000	3.953603e+000	0.000000e+000	1.309600e+000
9.860257270108919e+001	1.200000e+001	4.026947e+000	3.953432e+000	0.000000e+000	1.311686e+000
9.874542984394633e+001	1.200000e+001	4.027713e+000	3.953311e+000	0.000000e+000	1.313810e+000
9.883114412966060e+001	1.200000e+001	4.028119e+000	3.953264e+000	0.000000e+000	1.315092e+000
9.891685841537489e+001	1.200000e+001	4.028487e+000	3.953235e+000	0.000000e+000	1.316378e+000
9.900257270108916e+001	1.200000e+001	4.028817e+000	3.953224e+000	0.000000e+000	1.317670e+000
9.908828698680345e+001	1.200000e+001	4.029108e+000	3.953232e+000	0.000000e+000	1.318966e+000
9.917400127251773e+001	1.200000e+001	4.029360e+000	3.953259e+000	0.000000e+000	1.320267e+000
9.925971555823202e+001	1.200000e+001	4.029575e+000	3.953304e+000	0.000000e+000	1.321573e+000
9.934542984394629e+001	1.200000e+001	4.029751e+000	3.953368e+000	0.000000e+000	1.322884e+000
9.954542984394628e+001	1.200000e+001	4.030014e+000	3.953588e+000	0.000000e+000	1.325941e+000
9.964542984394628e+001	1.200000e+001	4.030067e+000	3.953735e+000	0.000000e+000	1.327469e+000
9.974542984394627e+001	1.200000e+001	4.030070e+000	3.953906e+000	0.000000e+000	1.328994e+000
9.984542984394626e+001	1.200000e+001	4.030023e+000	3.954102e+000	0.000000e+000	1.330515e+000
1.000454298439463e+002	1.200000e+001	4.029778e+000	3.954566e+000	0.000000e+000	1.333538e+000
1.002454298439462e+002	1.200000e+001	4.029335e+000	3.955125e+000	0.000000e+000	1.336527e+000
1.005454298439462e+002	1.200000e+001	4.028315e+000	3.956134e+000	0.000000e+000	1.340922e+000
1.008454298439462e+002	1.200000e+001	4.026881e+000	3.957342e+000	0.000000e+000	1.345176e+000
1.011454298439462e+002	1.200000e+001	4.025059e+000	3.958736e+000	0.000000e+000	1.349254e+000
1.014454298439462e+002	1.200000e+001	4.022871e+000	3.960305e+000	0.000000e+000	1.353123e+000
1.017454298439462e+002	1.200000e+001	4.020349e+000	3.962033e+000	0.000000e+000	1.356752e+000
1.020454298439461e+002	1.200000e+001	4.017521e+000	3.963907e+000	0.000000e+000	1.360111e+000
1.025882869868033e+002	1.200000e+001	4.011175e+000	3.967890e+000	0.000000e+000	1.365510e+000
1.031311441296604e+002	1.200000e+001	4.004710e+000	3.971910e+000	0.000000e+000	1.369705e+000
1.036740012725175e+002	1.200000e+001	3.998128e+000	3.975967e+000	0.000000e+000	1.372697e+000
1.042168584153746e+002	1.200000e+001	3.991427e+000	3.980060e+000	0.000000e+000	1.374485e+000
1.047597155582317e+002	1.200000e+001	3.984608e+000	3.984191e+000	0.000000e+000	1.375069e+000
1.053025727010888e+002	1.200000e+001	3.977671e+000	3.988357e+000	0.000000e+000	1.374450e+000
1.058454298439459e+002	1.200000e+001	3.970615e+000	3.992561e+000	0.000000e+000	1.372627e+000
1.061025727010888e+002	1.200000e+001	3.967703e+000	3.994331e+000	0.000000e+000	1.371341e+000
1.063597155582316e+002	1.200000e+001	3.964986e+000	3.995999e+000	0.000000e+000	1.369860e+000
1.066168584153745e+002	1.200000e+001	3.962464e+000	3.997565e+000	0.000000e+000	1.368183e+000
1.068740012725173e+002	1.200000e+001	3.960137e+000	3.999030e+000	0.000000e+000	1.366310e+000
1.071311441296601e+002	1.200000e+001	3.958005e+000	4.000392e+000	0.000000e+000	1.364240e+000
1.073882869868030e+002	1.200000e+001	3.956069e+000	4.001653e+000	0.000000e+000	1.361975e+000
1.076454298439458e+002	1.200000e+001	3.954327e+000	4.002811e+000	0.000000e+000	1.359514e+000
1.078168584153744e+002	1.200000e+001	3.953315e+000	4.003507e+000	0.000000e+000	1.357808e+000
1.079882869868030e+002	1.200000e+001	3.952415e+000	4.004145e+000	0.000000e+000	1.356061e+000
1.081597155582315e+002	1.200000e+001	3.951626e+000	4.004726e+000	0.000000e+000	1.354272e+000
1.083311441296601e+002	1.200000e+001	3.950948e+000	4.005249e+000	0.000000e+000	1.352442e+000
1.085025727010886e+002	1.200000e+001	3.950382e+000	4.005715e+000	0.000000e+000	1.350571e+000
1.086740012725172e+002	1.200000e+001	3.949926e+000	4.006124e+000	0.000000e+000	1.348659e+000
1.088454298439458e+002	1.200000e+001	3.949583e+000	4.006475e+000	0.000000e+000	1.346705e+000
1.092454298439457e+002	1.200000e+001	3.949231e+000	4.007063e+000	0.000000e+000	1.342110e+000
1.093454298439457e+002	1.200000e+001	3.949239e+000	4.007160e+000	0.000000e+000	1.340953e+000
1.095454298439457e+002	1.200000e+001	3.949372e+000	4.007295e+000	0.000000e+000	1.338635e+000
1.096454298439457e+002	1.200000e+001	3.949496e+000	4.007333e+000	0.000000e+000	1.337478e+000
1.097454298439457e+002	1.200000e+001	3.949657e+000	4.007352e+000	0.000000e+000	1.336322e+000
1.098454298439457e+002	1.200000e+001	3.949856e+000	4.007351e+000	0.000000e+000	1.335170e+000
1.099454298439457e+002	1.200000e+001	3.950091e+000	4.007331e+000	0.000000e+000	1.334023e+000
1.101454298439457e+002	1.200000e+001	3.950673e+000	4.007236e+000	0.000000e+000	1.331746e+000
1.103454298439457e+002	1.200000e+001	3.951398e+000	4.007066e+000	0.000000e+000	1.329501e+000
1.106454298439457e+002	1.200000e+001	3.952745e+000	4.006677e+000	0.000000e+000	1.326211e+000
1.109454298439456e+002	1.200000e+001	3.954391e+000	4.006134e+000	0.000000e+000	1.323039e+000
1.112454298439456e+002	1.200000e+001	3.956318e+000	4.005446e+000	0.000000e+000	1.320011e+000
1.115454298439456e+002	1.200000e+001	3.958504e+000	4.004624e+000	0.000000e+000	1.317152e+000
1.118454298439456e+002	1.200000e+001	3.960929e+000	4.003678e+000	0.000000e+000	1.314484e+000
1.121454298439456e+002	1.200000e+001	3.963568e+000	4.002621e+000	0.000000e+000	1.312029e+000
1.124454298439456e+002	1.200000e+001	3.966395e+000	4.001465e+000	0.000000e+000	1.309804e+000
1.129168584153741e+002	1.200000e+001	3.971433e+000	3.999342e+000	0.000000e+000	1.306788e+000
1.133882869868026e+002	1.200000e+001	3.976481e+000	3.997204e+000	0.000000e+000	1.304468e+000
1.138597155582312e+002	1.200000e+001	3.981540e+000	3.995051e+000	0.000000e+000	1.302844e+000
1.143311441296597e+002	1.200000e+001	3.986610e+000	3.992883e+000	0.000000e+000	1.301916e+000
1.148025727010883e+002	1.200000e+001	3.991691e+000	3.990700e+000	0.000000e+000	1.301684e+000
1.152740012725168e+002	1.200000e+001	3.996783e+000	3.988502e+000	0.000000e+000	1.302148e+000
1.157454298439454e+002	1.200000e+001	4.001885e+000	3.986289e+000	0.000000e+000	1.303308e+000
1.160025727010882e+002	1.200000e+001	4.004406e+000	3.985210e+000	0.000000e+000	1.304230e+000
1.162597155582311e+002	1.200000e+001	4.006777e+000	3.984203e+000	0.000000e+000	1.305303e+000
1.165168584153739e+002	1.200000e+001	4.009000e+000	3.983267e+000	0.000000e+000	1.306528e+000
1.167740012725167e+002	1.200000e+001	4.011074e+000	3.982404e+000	0.000000e+000	1.307905e+000
1.170311441296596e+002	1.200000e+001	4.013000e+000	3.981612e+000	0.000000e+000	1.309434e+000
1.172882869868024e+002	1.200000e+001	4.014776e+000	3.980892e+000	0.000000e+000	1.311115e+000
1.175454298439453e+002	1.200000e+001	4.016405e+000	3.980244e+000	0.000000e+000	1.312947e+000
1.177168584153738e+002	1.200000e+001	4.017376e+000	3.979868e+000	0.000000e+000	1.314221e+000
1.178882869868024e+002	1.200000e+001	4.018261e+000	3.979534e+000	0.000000e+000	1.315528e+000
1.180597155582310e+002	1.200000e+001	4.019061e+000	3.979241e+000	0.000000e+000	1.316868e+000
1.182311441296595e+002	1.200000e+001	4.019776e+000	3.978991e+000	0.000000e+000	1.318242e+000
1.184025727010881e+002	1.200000e+001	4.020405e+000	3.978781e+000	0.000000e+000	1.319648e+000
1.185740012725166e+002	1.200000e+001	4.020949e+000	3.978614e+000	0.000000e+000	1.321088e+000
1.187454298439452e+002	1.200000e+001	4.021407e+000	3.978488e+000	0.000000e+000	1.322560e+000
1.191454298439452e+002	1.200000e+001	4.022128e+000	3.978365e+000	0.000000e+000	1.326032e+000
1.193454298439452e+002	1.200000e+001	4.022309e+000	3.978391e+000	0.000000e+000	1.327786e+000
1.194454298439452e+002	1.200000e+001	4.022355e+000	3.978426e+000	0.000000e+000	1.328665e+000
1.195454298439451e+002	1.200000e+001	4.022372e+000	3.978476e+000	0.000000e+000	1.329543e+000
1.196454298439451e+002	1.200000e+001	4.022360e+000	3.978539e+000	0.000000e+000	1.330420e+000
1.198454298439451e+002	1.200000e+001	4.022248e+000	3.978709e+000	0.000000e+000	1.332168e+000
1.200454298439451e+002	1.200000e+001	4.022021e+000	3.978934e+000	0.000000e+000	1.333901e+000
1.203454298439451e+002	1.200000e+001	4.021474e+000	3.979374e+000	0.000000e+000	1.336458e+000
1.206454298439451e+002	1.200000e+001	4.020685e+000	3.979932e+000	0.000000e+000	1.338945e+000
1.209454298439451e+002	1.200000e+001	4.019667e+000	3.980602e+000	0.000000e+000	1.341341e+000
1.212454298439451e+002	1.200000e+001	4.018433e+000	3.981377e+000	0.000000e+000	1.343626e+000
1.215454298439450e+002	1.200000e+001	4.016999e+000	3.982249e+000	0.000000e+000	1.345781e+000
1.218454298439450e+002	1.200000e+001	4.015383e+000	3.983210e+000	0.000000e+000	1.347790e+000
1.224025727010878e+002	1.200000e+001	4.011611e+000	3.985373e+000	0.000000e+000	1.351143e+000
1.229597155582307e+002	1.200000e+001	4.007747e+000	3.987574e+000	0.000000e+000	1.353770e+000
1.235168584153735e+002	1.200000e+001	4.003791e+000	3.989813e+000	0.000000e+000	1.355673e+000
1.240740012725163e+002	1.200000e+001	3.999743e+000	3.992090e+000	0.000000e+000	1.356850e+000
1.246311441296591e+002	1.200000e+001	3.995603e+000	3.994405e+000	0.000000e+000	1.357302e+000
1.251882869868020e+002	1.200000e+001	3.991372e+000	3.996758e+000	0.000000e+000	1.357030e+000
1.257454298439448e+002	1.200000e+001	3.987048e+000	3.999150e+000	0.000000e+000	1.356032e+000
1.260168584153734e+002	1.200000e+001	3.985211e+000	4.000178e+000	0.000000e+000	1.355273e+000
1.262882869868019e+002	1.200000e+001	3.983499e+000	4.001142e+000	0.000000e+000	1.354388e+000
1.265597155582305e+002	1.200000e+001	3.981913e+000	4.002042e+000	0.000000e+000	1.353379e+000
1.268311441296590e+002	1.200000e+001	3.980453e+000	4.002877e+000	0.000000e+000	1.352244e+000
1.271025727010876e+002	1.200000e+001	3.979118e+000	4.003647e+000	0.000000e+000	1.350983e+000
1.273740012725161e+002	1.200000e+001	3.977909e+000	4.004353e+000	0.000000e+000	1.349598e+000
1.276454298439447e+002	1.200000e+001	3.976826e+000	4.004995e+000	0.000000e+000	1.348087e+000
1.278168584153733e+002	1.200000e+001	3.976232e+000	4.005354e+000	0.000000e+000	1.347096e+000
1.279882869868018e+002	1.200000e+001	3.975703e+000	4.005681e+000	0.000000e+000	1.346083e+000
1.281597155582304e+002	1.200000e+001	3.975239e+000	4.005974e+000	0.000000e+000	1.345047e+000
1.283311441296590e+002	1.200000e+001	3.974839e+000	4.006235e+000	0.000000e+000	1.343988e+000
1.285025727010875e+002	1.200000e+001	3.974503e+000	4.006463e+000	0.000000e+000	1.342907e+000
1.286740012725161e+002	1.200000e+001	3.974232e+000	4.006658e+000	0.000000e+000	1.341803e+000
1.288454298439446e+002	1.200000e+001	3.974025e+000	4.006820e+000	0.000000e+000	1.340676e+000
1.289168584153732e+002	1.200000e+001	3.973959e+000	4.006878e+000	0.000000e+000	1.340206e+000
1.289882869868018e+002	1.200000e+001	3.973905e+000	4.006930e+000	0.000000e+000	1.339735e+000
1.290597155582303e+002	1.200000e+001	3.973862e+000	4.006975e+000	0.000000e+000	1.339263e+000
1.291311441296589e+002	1.200000e+001	3.973830e+000	4.007015e+000	0.000000e+000	1.338790e+000
1.292025727010875e+002	1.200000e+001	3.973809e+000	4.007050e+000	0.000000e+000	1.338316e+000
1.292740012725161e+002	1.200000e+001	3.973800e+000	4.007078e+000	0.000000e+000	1.337841e+000
1.293454298439446e+002	1.200000e+001	3.973803e+000	4.007101e+000	0.000000e+000	1.337365e+000
1.295454298439446e+002	1.200000e+001	3.973869e+000	4.007133e+000	0.000000e+000	1.336033e+000
1.296454298439446e+002	1.200000e+001	3.973935e+000	4.007133e+000	0.000000e+000	1.335369e+000
1.297454298439446e+002	1.200000e+001	3.974023e+000	4.007122e+000	0.000000e+000	1.334706e+000
1.299454298439446e+002	1.200000e+001	3.974263e+000	4.007067e+000	0.000000e+000	1.333387e+000
1.301454298439446e+002	1.200000e+001	3.974587e+000	4.006969e+000	0.000000e+000	1.332083e+000
1.304454298439445e+002	1.200000e+001	3.975227e+000	4.006744e+000	0.000000e+000	1.330165e+000
1.307454298439445e+002	1.200000e+001	3.976043e+000	4.006429e+000	0.000000e+000	1.328307e+000
1.310454298439445e+002	1.200000e+001	3.977027e+000	4.006029e+000	0.000000e+000	1.326524e+000
1.313454298439445e+002	1.200000e+001	3.978167e+000	4.005549e+000	0.000000e+000	1.324831e+000
1.316454298439445e+002	1.200000e+001	3.979450e+000	4.004996e+000	0.000000e+000	1.323243e+000
1.319454298439445e+002	1.200000e+001	3.980865e+000	4.004376e+000	0.000000e+000	1.321770e+000
1.324882869868016e+002	1.200000e+001	3.983954e+000	4.002986e+000	0.000000e+000	1.319399e+000
1.330311441296587e+002	1.200000e+001	3.987089e+000	4.001568e+000	0.000000e+000	1.317551e+000
1.335740012725158e+002	1.200000e+001	3.990270e+000	4.000123e+000	0.000000e+000	1.316228e+000
1.341168584153729e+002	1.200000e+001	3.993497e+000	3.998650e+000	0.000000e+000	1.315429e+000
1.346597155582300e+002	1.200000e+001	3.996770e+000	3.997151e+000	0.000000e+000	1.315153e+000
1.352025727010871e+002	1.200000e+001	4.000089e+000	3.995624e+000	0.000000e+000	1.315402e+000
1.357454298439442e+002	1.200000e+001	4.003454e+000	3.994070e+000	0.000000e+000	1.316175e+000
1.360025727010871e+002	1.200000e+001	4.004859e+000	3.993427e+000	0.000000e+000	1.316726e+000
1.362597155582299e+002	1.200000e+001	4.006178e+000	3.992826e+000	0.000000e+000	1.317363e+000
1.365168584153728e+002	1.200000e+001	4.007411e+000	3.992267e+000	0.000000e+000	1.318085e+000
1.367740012725156e+002	1.200000e+001	4.008558e+000	3.991751e+000	0.000000e+000	1.318894e+000
1.370311441296585e+002	1.200000e+001	4.009618e+000	3.991278e+000	0.000000e+000	1.319789e+000
1.372882869868013e+002	1.200000e+001	4.010592e+000	3.990846e+000	0.000000e+000	1.320769e+000
1.375454298439441e+002	1.200000e+001	4.011479e+000	3.990457e+000	0.000000e+000	1.321836e+000
1.377168584153727e+002	1.200000e+001	4.012005e+000	3.990230e+000	0.000000e+000	1.322576e+000
1.378882869868013e+002	1.200000e+001	4.012482e+000	3.990028e+000	0.000000e+000	1.323334e+000
1.380597155582298e+002	1.200000e+001	4.012909e+000	3.989849e+000	0.000000e+000	1.324111e+000
1.382311441296584e+002	1.200000e+001	4.013288e+000	3.989695e+000	0.000000e+000	1.324906e+000
1.384025727010869e+002	1.200000e+001	4.013617e+000	3.989565e+000	0.000000e+000	1.325719e+000
1.385740012725155e+002	1.200000e+001	4.013897e+000	3.989459e+000	0.000000e+000	1.326550e+000
1.387454298439441e+002	1.200000e+001	4.014128e+000	3.989378e+000	0.000000e+000	1.327400e+000
1.388168584153726e+002	1.200000e+001	4.014209e+000	3.989352e+000	0.000000e+000	1.327755e+000
1.388882869868012e+002	1.200000e+001	4.014281e+000	3.989330e+000	0.000000e+000	1.328111e+000
1.389597155582298e+002	1.200000e+001	4.014344e+000	3.989312e+000	0.000000e+000	1.328467e+000
1.390311441296583e+002	1.200000e+001	4.014399e+000	3.989299e+000	0.000000e+000	1.328825e+000
1.391025727010869e+002	1.200000e+001	4.014444e+000	3.989290e+000	0.000000e+000	1.329184e+000
1.391740012725155e+002	1.200000e+001	4.014482e+000	3.989285e+000	0.000000e+000	1.329543e+000
1.392454298439440e+002	1.200000e+001	4.014510e+000	3.989285e+000	0.000000e+000	1.329904e+000
1.393454298439440e+002	1.200000e+001	4.014535e+000	3.989291e+000	0.000000e+000	1.330409e+000
1.394454298439440e+002	1.200000e+001	4.014544e+000	3.989306e+000	0.000000e+000	1.330913e+000
1.395454298439440e+002	1.200000e+001	4.014535e+000	3.989329e+000	0.000000e+000	1.331418e+000
1.397454298439440e+002	1.200000e+001	4.014468e+000	3.989400e+000	0.000000e+000	1.332424e+000
1.399454298439440e+002	1.200000e+001	4.014336e+000	3.989504e+000	0.000000e+000	1.333422e+000
1.402454298439440e+002	1.200000e+001	4.014016e+000	3.989718e+000	0.000000e+000	1.334897e+000
1.405454298439440e+002	1.200000e+001	4.013557e+000	3.990002e+000	0.000000e+000	1.336333e+000
1.408454298439440e+002	1.200000e+001	4.012967e+000	3.990350e+000	0.000000e+000	1.337719e+000
1.411454298439439e+002	1.200000e+001	4.012251e+000	3.990761e+000	0.000000e+000	1.339043e+000
1.414454298439439e+002	1.200000e+001	4.011420e+000	3.991228e+000	0.000000e+000	1.340294e+000
1.420597155582296e+002	1.200000e+001	4.009131e+000	3.992475e+000	0.000000e+000	1.342650e+000
1.426740012725153e+002	1.200000e+001	4.006754e+000	3.993763e+000	0.000000e+000	1.344507e+000
1.432882869868010e+002	1.200000e+001	4.004288e+000	3.995091e+000	0.000000e+000	1.345865e+000
1.439025727010866e+002	1.200000e+001	4.001734e+000	3.996461e+000	0.000000e+000	1.346723e+000
1.445168584153723e+002	1.200000e+001	3.999092e+000	3.997872e+000	0.000000e+000	1.347082e+000
1.451311441296580e+002	1.200000e+001	3.996362e+000	3.999324e+000	0.000000e+000	1.346942e+000
1.457454298439437e+002	1.200000e+001	3.993544e+000	4.000816e+000	0.000000e+000	1.346303e+000
1.460025727010865e+002	1.200000e+001	3.992536e+000	4.001354e+000	0.000000e+000	1.345878e+000
1.462597155582294e+002	1.200000e+001	3.991594e+000	4.001859e+000	0.000000e+000	1.345387e+000
1.465168584153722e+002	1.200000e+001	3.990718e+000	4.002331e+000	0.000000e+000	1.344832e+000
1.467740012725151e+002	1.200000e+001	3.989906e+000	4.002770e+000	0.000000e+000	1.344212e+000
1.470311441296579e+002	1.200000e+001	3.989159e+000	4.003175e+000	0.000000e+000	1.343528e+000
1.472882869868007e+002	1.200000e+001	3.988478e+000	4.003548e+000	0.000000e+000	1.342779e+000
1.475454298439436e+002	1.200000e+001	3.987861e+000	4.003887e+000	0.000000e+000	1.341966e+000
1.477168584153721e+002	1.200000e+001	3.987500e+000	4.004089e+000	0.000000e+000	1.341402e+000
1.478882869868007e+002	1.200000e+001	3.987176e+000	4.004271e+000	0.000000e+000	1.340824e+000
1.480597155582292e+002	1.200000e+001	3.986889e+000	4.004435e+000	0.000000e+000	1.340233e+000
1.482311441296578e+002	1.200000e+001	3.986639e+000	4.004580e+000	0.000000e+000	1.339629e+000
1.484025727010864e+002	1.200000e+001	3.986426e+000	4.004707e+000	0.000000e+000	1.339010e+000
1.485740012725150e+002	1.200000e+001	3.986250e+000	4.004814e+000	0.000000e+000	1.338379e+000
1.487454298439435e+002	1.200000e+001	3.986110e+000	4.004903e+000	0.000000e+000	1.337733e+000
1.488168584153721e+002	1.200000e+001	3.986064e+000	4.004935e+000	0.000000e+000	1.337464e+000
1.488882869868006e+002	1.200000e+001	3.986024e+000	4.004963e+000	0.000000e+000	1.337194e+000
1.489597155582292e+002	1.200000e+001	3.985991e+000	4.004987e+000	0.000000e+000	1.336923e+000
1.490311441296578e+002	1.200000e+001	3.985964e+000	4.005008e+000	0.000000e+000	1.336652e+000
1.491025727010863e+002	1.200000e+001	3.985944e+000	4.005026e+000	0.000000e+000	1.336380e+000
1.491740012725149e+002	1.200000e+001	3.985931e+000	4.005041e+000	0.000000e+000	1.336107e+000
1.492454298439435e+002	1.200000e+001	3.985924e+000	4.005053e+000	0.000000e+000	1.335833e+000
1.493454298439435e+002	1.200000e+001	3.985925e+000	4.005063e+000	0.000000e+000	1.335451e+000
1.494454298439435e+002	1.200000e+001	3.985939e+000	4.005067e+000	0.000000e+000	1.335068e+000
1.495454298439435e+002	1.200000e+001	3.985966e+000	4.005064e+000	0.000000e+000	1.334686e+000
1.497454298439434e+002	1.200000e+001	3.986057e+000	4.005041e+000	0.000000e+000	1.333924e+000
1.499454298439434e+002	1.200000e+001	3.986197e+000	4.004992e+000	0.000000e+000	1.333168e+000
1.502454298439434e+002	1.200000e+001	3.986497e+000	4.004873e+000	0.000000e+000	1.332052e+000
1.505454298439434e+002	1.200000e+001	3.986901e+000	4.004702e+000	0.000000e+000	1.330966e+000
1.508454298439434e+002	1.200000e+001	3.987405e+000	4.004481e+000	0.000000e+000	1.329919e+000
1.511454298439434e+002	1.200000e+001	3.988002e+000	4.004212e+000	0.000000e+000	1.328920e+000
1.514454298439433e+002	1.200000e+001	3.988685e+000	4.003901e+000	0.000000e+000	1.327977e+000
1.520597155582290e+002	1.200000e+001	3.990524e+000	4.003040e+000	0.000000e+000	1.326205e+000
1.526740012725147e+002	1.200000e+001	3.992424e+000	4.002147e+000	0.000000e+000	1.324812e+000
1.532882869868004e+002	1.200000e+001	3.994384e+000	4.001222e+000	0.000000e+000	1.323798e+000
1.539025727010861e+002	1.200000e+001	3.996405e+000	4.000265e+000	0.000000e+000	1.323163e+000
1.545168584153717e+002	1.200000e+001	3.998487e+000	3.999275e+000	0.000000e+000	1.322906e+000
1.551311441296574e+002	1.200000e+001	4.000630e+000	3.998254e+000	0.000000e+000	1.323029e+000
1.557454298439431e+002	1.200000e+001	4.002833e+000	3.997200e+000	0.000000e+000	1.323530e+000
1.560025727010859e+002	1.200000e+001	4.003623e+000	3.996824e+000	0.000000e+000	1.323859e+000
1.562597155582288e+002	1.200000e+001	4.004363e+000	3.996474e+000	0.000000e+000	1.324237e+000
1.565168584153716e+002	1.200000e+001	4.005052e+000	3.996148e+000	0.000000e+000	1.324663e+000
1.567740012725145e+002	1.200000e+001	4.005692e+000	3.995847e+000	0.000000e+000	1.325137e+000
1.570311441296573e+002	1.200000e+001	4.006281e+000	3.995571e+000	0.000000e+000	1.325661e+000
1.572882869868002e+002	1.200000e+001	4.006820e+000	3.995320e+000	0.000000e+000	1.326232e+000
1.575454298439430e+002	1.200000e+001	4.007309e+000	3.995093e+000	0.000000e+000	1.326853e+000
1.577168584153716e+002	1.200000e+001	4.007597e+000	3.994961e+000	0.000000e+000	1.327283e+000
1.578882869868001e+002	1.200000e+001	4.007857e+000	3.994843e+000	0.000000e+000	1.327722e+000
1.580597155582287e+002	1.200000e+001	4.008089e+000	3.994739e+000	0.000000e+000	1.328172e+000
1.582311441296573e+002	1.200000e+001	4.008292e+000	3.994649e+000	0.000000e+000	1.328632e+000
1.584025727010858e+002	1.200000e+001	4.008467e+000	3.994573e+000	0.000000e+000	1.329102e+000
1.585740012725144e+002	1.200000e+001	4.008614e+000	3.994511e+000	0.000000e+000	1.329582e+000
1.587454298439429e+002	1.200000e+001	4.008732e+000	3.994463e+000	0.000000e+000	1.330072e+000
1.588168584153715e+002	1.200000e+001	4.008772e+000	3.994447e+000	0.000000e+000	1.330277e+000
1.588882869868001e+002	1.200000e+001	4.008807e+000	3.994434e+000	0.000000e+000	1.330482e+000
1.589597155582286e+002	1.200000e+001	4.008838e+000	3.994423e+000	0.000000e+000	1.330687e+000
1.590311441296572e+002	1.200000e+001	4.008863e+000	3.994415e+000	0.000000e+000	1.330893e+000
1.591025727010858e+002	1.200000e+001	4.008884e+000	3.994410e+000	0.000000e+000	1.331099e+000
1.591740012725144e+002	1.200000e+001	4.008899e+000	3.994407e+000	0.000000e+000	1.331306e+000
1.592454298439429e+002	1.200000e+001	4.008910e+000	3.994406e+000	0.000000e+000	1.331514e+000
1.593454298439429e+002	1.200000e+001	4.008916e+000	3.994409e+000	0.000000e+000	1.331804e+000
1.594454298439429e+002	1.200000e+001	4.008913e+000	3.994417e+000	0.000000e+000	1.332094e+000
1.596454298439429e+002	1.200000e+001	4.008877e+000	3.994447e+000	0.000000e+000	1.332672e+000
1.598454298439429e+002	1.200000e+001	4.008804e+000	3.994496e+000	0.000000e+000	1.333247e+000
1.601454298439429e+002	1.200000e+001	4.008624e+000	3.994604e+000	0.000000e+000	1.334098e+000
1.604454298439428e+002	1.200000e+001	4.008365e+000	3.994752e+000	0.000000e+000	1.334927e+000
1.607454298439428e+002	1.200000e+001	4.008028e+000	3.994938e+000	0.000000e+000	1.335729e+000
1.610454298439428e+002	1.200000e+001	4.007619e+000	3.995159e+000	0.000000e+000	1.336496e+000
1.613454298439428e+002	1.200000e+001	4.007143e+000	3.995414e+000	0.000000e+000	1.337222e+000
1.618168584153713e+002	1.200000e+001	4.006204e+000	3.995910e+000	0.000000e+000	1.338293e+000
1.622882869867999e+002	1.200000e+001	4.005203e+000	3.996436e+000	0.000000e+000	1.339199e+000
1.627597155582284e+002	1.200000e+001	4.004141e+000	3.996992e+000	0.000000e+000	1.339940e+000
1.632311441296570e+002	1.200000e+001	4.003016e+000	3.997579e+000	0.000000e+000	1.340517e+000
1.637025727010855e+002	1.200000e+001	4.001830e+000	3.998195e+000	0.000000e+000	1.340929e+000
1.641740012725141e+002	1.200000e+001	4.000583e+000	3.998842e+000	0.000000e+000	1.341176e+000
1.646454298439426e+002	1.200000e+001	3.999273e+000	3.999519e+000	0.000000e+000	1.341259e+000
1.649597155582283e+002	1.200000e+001	3.998448e+000	3.999946e+000	0.000000e+000	1.341196e+000
1.652740012725140e+002	1.200000e+001	3.997664e+000	4.000353e+000	0.000000e+000	1.341065e+000
1.655882869867997e+002	1.200000e+001	3.996920e+000	4.000739e+000	0.000000e+000	1.340866e+000
1.659025727010854e+002	1.200000e+001	3.996217e+000	4.001104e+000	0.000000e+000	1.340600e+000
1.662168584153711e+002	1.200000e+001	3.995555e+000	4.001449e+000	0.000000e+000	1.340266e+000
1.665311441296568e+002	1.200000e+001	3.994933e+000	4.001773e+000	0.000000e+000	1.339865e+000
1.668454298439425e+002	1.200000e+001	3.994352e+000	4.002077e+000	0.000000e+000	1.339396e+000
1.670597155582282e+002	1.200000e+001	3.993998e+000	4.002263e+000	0.000000e+000	1.339048e+000
1.672740012725139e+002	1.200000e+001	3.993676e+000	4.002433e+000	0.000000e+000	1.338683e+000
1.674882869867996e+002	1.200000e+001	3.993386e+000	4.002586e+000	0.000000e+000	1.338301e+000
1.677025727010853e+002	1.200000e+001	3.993127e+000	4.002724e+000	0.000000e+000	1.337902e+000
1.679168584153710e+002	1.200000e+001	3.992900e+000	4.002846e+000	0.000000e+000	1.337486e+000
1.681311441296567e+002	1.200000e+001	3.992705e+000	4.002952e+000	0.000000e+000	1.337054e+000
1.683454298439424e+002	1.200000e+001	3.992541e+000	4.003042e+000	0.000000e+000	1.336604e+000
1.691454298439423e+002	1.200000e+001	3.992238e+000	4.003224e+000	0.000000e+000	1.334875e+000
1.692454298439423e+002	1.200000e+001	3.992233e+000	4.003230e+000	0.000000e+000	1.334655e+000
1.693454298439423e+002	1.200000e+001	3.992236e+000	4.003232e+000	0.000000e+000	1.334435e+000
1.694454298439423e+002	1.200000e+001	3.992246e+000	4.003231e+000	0.000000e+000	1.334216e+000
1.696454298439423e+002	1.200000e+001	3.992288e+000	4.003217e+000	0.000000e+000	1.333777e+000
1.698454298439423e+002	1.200000e+001	3.992358e+000	4.003189e+000	0.000000e+000	1.333342e+000
1.701454298439423e+002	1.200000e+001	3.992516e+000	4.003120e+000	0.000000e+000	1.332699e+000
1.704454298439423e+002	1.200000e+001	3.992733e+000	4.003022e+000	0.000000e+000	1.332071e+000
1.707454298439423e+002	1.200000e+001	3.993009e+000	4.002894e+000	0.000000e+000	1.331466e+000
1.710454298439422e+002	1.200000e+001	3.993339e+000	4.002739e+000	0.000000e+000	1.330887e+000
1.713454298439422e+002	1.200000e+001	3.993719e+000	4.002559e+000	0.000000e+000	1.330339e+000
1.719740012725136e+002	1.200000e+001	3.994784e+000	4.002046e+000	0.000000e+000	1.329285e+000
1.726025727010850e+002	1.200000e+001	3.995886e+000	4.001514e+000	0.000000e+000	1.328458e+000
1.732311441296564e+002	1.200000e+001	3.997024e+000	4.000964e+000	0.000000e+000	1.327858e+000
1.738597155582278e+002	1.200000e+001	3.998200e+000	4.000394e+000	0.000000e+000	1.327486e+000
1.744882869867992e+002	1.200000e+001	3.999412e+000	3.999806e+000	0.000000e+000	1.327341e+000
1.751168584153706e+002	1.200000e+001	4.000660e+000	3.999198e+000	0.000000e+000	1.327424e+000
1.757454298439420e+002	1.200000e+001	4.001945e+000	3.998572e+000	0.000000e+000	1.327734e+000
1.760025727010848e+002	1.200000e+001	4.002392e+000	3.998355e+000	0.000000e+000	1.327930e+000
1.762597155582276e+002	1.200000e+001	4.002809e+000	3.998153e+000	0.000000e+000	1.328154e+000
1.765168584153705e+002	1.200000e+001	4.003196e+000	3.997965e+000	0.000000e+000	1.328404e+000
1.767740012725134e+002	1.200000e+001	4.003555e+000	3.997792e+000	0.000000e+000	1.328683e+000
1.770311441296562e+002	1.200000e+001	4.003884e+000	3.997634e+000	0.000000e+000	1.328989e+000
1.772882869867990e+002	1.200000e+001	4.004185e+000	3.997490e+000	0.000000e+000	1.329322e+000
1.775454298439419e+002	1.200000e+001	4.004456e+000	3.997360e+000	0.000000e+000	1.329683e+000
1.777168584153704e+002	1.200000e+001	4.004615e+000	3.997285e+000	0.000000e+000	1.329932e+000
1.778882869867990e+002	1.200000e+001	4.004757e+000	3.997217e+000	0.000000e+000	1.330187e+000
1.780597155582275e+002	1.200000e+001	4.004883e+000	3.997158e+000	0.000000e+000	1.330448e+000
1.782311441296561e+002	1.200000e+001	4.004993e+000	3.997107e+000	0.000000e+000	1.330714e+000
1.784025727010847e+002	1.200000e+001	4.005087e+000	3.997064e+000	0.000000e+000	1.330985e+000
1.785740012725132e+002	1.200000e+001	4.005164e+000	3.997029e+000	0.000000e+000	1.331262e+000
1.787454298439418e+002	1.200000e+001	4.005225e+000	3.997002e+000	0.000000e+000	1.331545e+000
1.788168584153704e+002	1.200000e+001	4.005246e+000	3.996993e+000	0.000000e+000	1.331663e+000
1.788882869867989e+002	1.200000e+001	4.005263e+000	3.996986e+000	0.000000e+000	1.331781e+000
1.789597155582275e+002	1.200000e+001	4.005278e+000	3.996980e+000	0.000000e+000	1.331899e+000
1.790311441296561e+002	1.200000e+001	4.005290e+000	3.996976e+000	0.000000e+000	1.332018e+000
1.791025727010846e+002	1.200000e+001	4.005299e+000	3.996973e+000	0.000000e+000	1.332136e+000
1.791740012725132e+002	1.200000e+001	4.005305e+000	3.996971e+000	0.000000e+000	1.332255e+000
1.792454298439418e+002	1.200000e+001	4.005308e+000	3.996971e+000	0.000000e+000	1.332375e+000
1.793454298439418e+002	1.200000e+001	4.005308e+000	3.996973e+000	0.000000e+000	1.332541e+000
1.795454298439418e+002	1.200000e+001	4.005291e+000	3.996986e+000	0.000000e+000	1.332874e+000
1.797454298439417e+002	1.200000e+001	4.005251e+000	3.997010e+000	0.000000e+000	1.333205e+000
1.800454298439417e+002	1.200000e+001	4.005153e+000	3.997065e+000	0.000000e+000	1.333695e+000
1.803454298439417e+002	1.200000e+001	4.005008e+000	3.997143e+000	0.000000e+000	1.334174e+000
1.806454298439417e+002	1.200000e+001	4.004818e+000	3.997244e+000	0.000000e+000	1.334638e+000
1.809454298439417e+002	1.200000e+001	4.004587e+000	3.997365e+000	0.000000e+000	1.335082e+000
1.812454298439417e+002	1.200000e+001	4.004317e+000	3.997506e+000	0.000000e+000	1.335503e+000
1.816740012725131e+002	1.200000e+001	4.003840e+000	3.997752e+000	0.000000e+000	1.336071e+000
1.821025727010845e+002	1.200000e+001	4.003328e+000	3.998016e+000	0.000000e+000	1.336563e+000
1.825311441296559e+002	1.200000e+001	4.002782e+000	3.998297e+000	0.000000e+000	1.336978e+000
1.829597155582273e+002	1.200000e+001	4.002200e+000	3.998595e+000	0.000000e+000	1.337316e+000
1.833882869867987e+002	1.200000e+001	4.001584e+000	3.998910e+000	0.000000e+000	1.337577e+000
1.838168584153701e+002	1.200000e+001	4.000933e+000	3.999243e+000	0.000000e+000	1.337762e+000
1.842454298439415e+002	1.200000e+001	4.000247e+000	3.999592e+000	0.000000e+000	1.337870e+000
1.845740012725129e+002	1.200000e+001	3.999737e+000	3.999852e+000	0.000000e+000	1.337883e+000
1.849025727010843e+002	1.200000e+001	3.999249e+000	4.000102e+000	0.000000e+000	1.337852e+000
1.852311441296557e+002	1.200000e+001	3.998783e+000	4.000340e+000	0.000000e+000	1.337777e+000
1.855597155582271e+002	1.200000e+001	3.998337e+000	4.000567e+000	0.000000e+000	1.337656e+000
1.858882869867985e+002	1.200000e+001	3.997914e+000	4.000784e+000	0.000000e+000	1.337491e+000
1.862168584153699e+002	1.200000e+001	3.997512e+000	4.000989e+000	0.000000e+000	1.337282e+000
1.865454298439414e+002	1.200000e+001	3.997131e+000	4.001184e+000	0.000000e+000	1.337028e+000
1.867740012725128e+002	1.200000e+001	3.996893e+000	4.001306e+000	0.000000e+000	1.336831e+000
1.870025727010842e+002	1.200000e+001	3.996675e+000	4.001419e+000	0.000000e+000	1.336621e+000
1.872311441296556e+002	1.200000e+001	3.996478e+000	4.001521e+000	0.000000e+000	1.336400e+000
1.874597155582270e+002	1.200000e+001	3.996300e+000	4.001612e+000	0.000000e+000	1.336166e+000
1.876882869867984e+002	1.200000e+001	3.996143e+000	4.001694e+000	0.000000e+000	1.335920e+000
1.879168584153698e+002	1.200000e+001	3.996006e+000	4.001766e+000	0.000000e+000	1.335661e+000
1.881454298439413e+002	1.200000e+001	3.995889e+000	4.001827e+000	0.000000e+000	1.335390e+000
1.891454298439412e+002	1.200000e+001	3.995644e+000	4.001962e+000	0.000000e+000	1.334154e+000
1.892454298439412e+002	1.200000e+001	3.995643e+000	4.001963e+000	0.000000e+000	1.334027e+000
1.893454298439412e+002	1.200000e+001	3.995646e+000	4.001963e+000	0.000000e+000	1.333901e+000
1.895454298439412e+002	1.200000e+001	3.995665e+000	4.001956e+000	0.000000e+000	1.333649e+000
1.897454298439412e+002	1.200000e+001	3.995701e+000	4.001940e+000	0.000000e+000	1.333398e+000
1.900454298439412e+002	1.200000e+001	3.995784e+000	4.001902e+000	0.000000e+000	1.333027e+000
1.903454298439411e+002	1.200000e+001	3.995902e+000	4.001847e+000	0.000000e+000	1.332665e+000
1.906454298439411e+002	1.200000e+001	3.996053e+000	4.001774e+000	0.000000e+000	1.332315e+000
1.909454298439411e+002	1.200000e+001	3.996236e+000	4.001686e+000	0.000000e+000	1.331979e+000
1.912454298439411e+002	1.200000e+001	3.996449e+000	4.001583e+000	0.000000e+000	1.331662e+000
1.917025727010839e+002	1.200000e+001	3.996851e+000	4.001387e+000	0.000000e+000	1.331206e+000
1.921597155582267e+002	1.200000e+001	3.997279e+000	4.001178e+000	0.000000e+000	1.330818e+000
1.926168584153696e+002	1.200000e+001	3.997735e+000	4.000954e+000	0.000000e+000	1.330496e+000
1.930740012725124e+002	1.200000e+001	3.998217e+000	4.000718e+000	0.000000e+000	1.330242e+000
1.935311441296553e+002	1.200000e+001	3.998726e+000	4.000468e+000	0.000000e+000	1.330054e+000
1.939882869867981e+002	1.200000e+001	3.999261e+000	4.000204e+000	0.000000e+000	1.329934e+000
1.944454298439409e+002	1.200000e+001	3.999824e+000	3.999927e+000	0.000000e+000	1.329881e+000
1.946025727010837e+002	1.200000e+001	4.000006e+000	3.999837e+000	0.000000e+000	1.329882e+000
1.947597155582266e+002	1.200000e+001	4.000186e+000	3.999749e+000	0.000000e+000	1.329892e+000
1.949168584153694e+002	1.200000e+001	4.000363e+000	3.999662e+000	0.000000e+000	1.329909e+000
1.950740012725123e+002	1.200000e+001	4.000537e+000	3.999576e+000	0.000000e+000	1.329935e+000
1.952311441296552e+002	1.200000e+001	4.000708e+000	3.999492e+000	0.000000e+000	1.329969e+000
1.953882869867980e+002	1.200000e+001	4.000876e+000	3.999409e+000	0.000000e+000	1.330011e+000
1.955454298439408e+002	1.200000e+001	4.001041e+000	3.999328e+000	0.000000e+000	1.330062e+000
1.956454298439408e+002	1.200000e+001	4.001144e+000	3.999277e+000	0.000000e+000	1.330098e+000
1.959025727010837e+002	1.200000e+001	4.001402e+000	3.999151e+000	0.000000e+000	1.330206e+000
1.961597155582265e+002	1.200000e+001	4.001643e+000	3.999032e+000	0.000000e+000	1.330331e+000
1.964168584153694e+002	1.200000e+001	4.001868e+000	3.998922e+000	0.000000e+000	1.330472e+000
1.966740012725122e+002	1.200000e+001	4.002076e+000	3.998820e+000	0.000000e+000	1.330629e+000
1.969311441296551e+002	1.200000e+001	4.002267e+000	3.998726e+000	0.000000e+000	1.330802e+000
1.971882869867979e+002	1.200000e+001	4.002442e+000	3.998640e+000	0.000000e+000	1.330992e+000
1.974454298439407e+002	1.200000e+001	4.002601e+000	3.998563e+000	0.000000e+000	1.331197e+000
1.976168584153693e+002	1.200000e+001	4.002694e+000	3.998518e+000	0.000000e+000	1.331339e+000
1.977882869867979e+002	1.200000e+001	4.002778e+000	3.998477e+000	0.000000e+000	1.331484e+000
1.979597155582264e+002	1.200000e+001	4.002852e+000	3.998441e+000	0.000000e+000	1.331633e+000
1.981311441296550e+002	1.200000e+001	4.002917e+000	3.998410e+000	0.000000e+000	1.331785e+000
1.983025727010835e+002	1.200000e+001	4.002973e+000	3.998383e+000	0.000000e+000	1.331940e+000
1.984740012725121e+002	1.200000e+001	4.003020e+000	3.998361e+000	0.000000e+000	1.332098e+000
1.986454298439407e+002	1.200000e+001	4.003057e+000	3.998344e+000	0.000000e+000	1.332260e+000
1.987168584153692e+002	1.200000e+001	4.003070e+000	3.998338e+000	0.000000e+000	1.332328e+000
1.987882869867978e+002	1.200000e+001	4.003080e+000	3.998333e+000	0.000000e+000	1.332396e+000
1.988597155582264e+002	1.200000e+001	4.003090e+000	3.998329e+000	0.000000e+000	1.332463e+000
1.989311441296549e+002	1.200000e+001	4.003097e+000	3.998326e+000	0.000000e+000	1.332532e+000
1.990025727010835e+002	1.200000e+001	4.003103e+000	3.998323e+000	0.000000e+000	1.332600e+000
1.990740012725121e+002	1.200000e+001	4.003108e+000	3.998321e+000	0.000000e+000	1.332668e+000
1.991454298439406e+002	1.200000e+001	4.003110e+000	3.998321e+000	0.000000e+000	1.332736e+000
1.992454298439406e+002	1.200000e+001	4.003111e+000	3.998321e+000	0.000000e+000	1.332832e+000
1.993454298439406e+002	1.200000e+001	4.003109e+000	3.998322e+000	0.000000e+000	1.332928e+000
1.995454298439406e+002	1.200000e+001	4.003096e+000	3.998331e+000	0.000000e+000	1.333119e+000
1.998454298439406e+002	1.200000e+001	4.003051e+000	3.998355e+000	0.000000e+000	1.333403e+000
2.001454298439406e+002	1.200000e+001	4.002980e+000	3.998393e+000	0.000000e+000	1.333682e+000
2.004454298439406e+002	1.200000e+001	4.002883e+000	3.998443e+000	0.000000e+000	1.333953e+000
2.007454298439405e+002	1.200000e+001	4.002761e+000	3.998506e+000	0.000000e+000	1.334214e+000
2.010454298439405e+002	1.200000e+001	4.002615e+000	3.998581e+000	0.000000e+000	1.334463e+000
2.014311441296548e+002	1.200000e+001	4.002385e+000	3.998698e+000	0.000000e+000	1.334768e+000
2.018168584153690e+002	1.200000e+001	4.002135e+000	3.998826e+000	0.000000e+000	1.335039e+000
2.022025727010833e+002	1.200000e+001	4.001865e+000	3.998963e+000	0.000000e+000	1.335276e+000
2.025882869867976e+002	1.200000e+001	4.001574e+000	3.999111e+000	0.000000e+000	1.335478e+000
2.029740012725119e+002	1.200000e+001	4.001264e+000	3.999268e+000	0.000000e+000	1.335646e+000
2.033597155582261e+002	1.200000e+001	4.000934e+000	3.999435e+000	0.000000e+000	1.335780e+000
2.037454298439404e+002	1.200000e+001	4.000583e+000	3.999612e+000	0.000000e+000	1.335880e+000
2.041025727010832e+002	1.200000e+001	4.000259e+000	3.999776e+000	0.000000e+000	1.335930e+000
2.044597155582260e+002	1.200000e+001	3.999946e+000	3.999934e+000	0.000000e+000	1.335948e+000
2.048168584153689e+002	1.200000e+001	3.999645e+000	4.000087e+000	0.000000e+000	1.335935e+000
2.051740012725117e+002	1.200000e+001	3.999354e+000	4.000234e+000	0.000000e+000	1.335890e+000
2.055311441296546e+002	1.200000e+001	3.999075e+000	4.000375e+000	0.000000e+000	1.335813e+000
2.058882869867974e+002	1.200000e+001	3.998808e+000	4.000511e+000	0.000000e+000	1.335705e+000
2.062454298439402e+002	1.200000e+001	3.998551e+000	4.000641e+000	0.000000e+000	1.335566e+000
2.064882869867974e+002	1.200000e+001	3.998394e+000	4.000721e+000	0.000000e+000	1.335456e+000
2.067311441296545e+002	1.200000e+001	3.998249e+000	4.000794e+000	0.000000e+000	1.335338e+000
2.069740012725116e+002	1.200000e+001	3.998117e+000	4.000861e+000	0.000000e+000	1.335211e+000
2.072168584153687e+002	1.200000e+001	3.997998e+000	4.000922e+000	0.000000e+000	1.335075e+000
2.074597155582259e+002	1.200000e+001	3.997892e+000	4.000976e+000	0.000000e+000	1.334931e+000
2.077025727010830e+002	1.200000e+001	3.997798e+000	4.001024e+000	0.000000e+000	1.334777e+000
2.079454298439401e+002	1.200000e+001	3.997716e+000	4.001066e+000	0.000000e+000	1.334615e+000
2.080882869867973e+002	1.200000e+001	3.997676e+000	4.001087e+000	0.000000e+000	1.334518e+000
2.082311441296544e+002	1.200000e+001	3.997641e+000	4.001105e+000	0.000000e+000	1.334420e+000
2.083740012725116e+002	1.200000e+001	3.997610e+000	4.001121e+000	0.000000e+000	1.334320e+000
2.085168584153687e+002	1.200000e+001	3.997585e+000	4.001134e+000	0.000000e+000	1.334220e+000
2.086597155582258e+002	1.200000e+001	3.997564e+000	4.001145e+000	0.000000e+000	1.334118e+000
2.088025727010829e+002	1.200000e+001	3.997548e+000	4.001153e+000	0.000000e+000	1.334016e+000
2.089454298439401e+002	1.200000e+001	3.997538e+000	4.001159e+000	0.000000e+000	1.333912e+000
2.091454298439401e+002	1.200000e+001	3.997531e+000	4.001163e+000	0.000000e+000	1.333767e+000
2.092454298439401e+002	1.200000e+001	3.997532e+000	4.001163e+000	0.000000e+000	1.333694e+000
2.093454298439401e+002	1.200000e+001	3.997535e+000	4.001162e+000	0.000000e+000	1.333622e+000
2.095454298439400e+002	1.200000e+001	3.997548e+000	4.001156e+000	0.000000e+000	1.333477e+000
2.098454298439400e+002	1.200000e+001	3.997585e+000	4.001139e+000	0.000000e+000	1.333262e+000
2.101454298439400e+002	1.200000e+001	3.997642e+000	4.001112e+000	0.000000e+000	1.333051e+000
2.104454298439400e+002	1.200000e+001	3.997720e+000	4.001074e+000	0.000000e+000	1.332846e+000
2.107454298439400e+002	1.200000e+001	3.997815e+000	4.001027e+000	0.000000e+000	1.332649e+000
2.110454298439400e+002	1.200000e+001	3.997929e+000	4.000972e+000	0.000000e+000	1.332461e+000
2.114311441296542e+002	1.200000e+001	3.998107e+000	4.000884e+000	0.000000e+000	1.332231e+000
2.118168584153685e+002	1.200000e+001	3.998301e+000	4.000788e+000	0.000000e+000	1.332027e+000
2.122025727010827e+002	1.200000e+001	3.998509e+000	4.000686e+000	0.000000e+000	1.331850e+000
2.125882869867970e+002	1.200000e+001	3.998732e+000	4.000575e+000	0.000000e+000	1.331698e+000
2.129740012725113e+002	1.200000e+001	3.998970e+000	4.000458e+000	0.000000e+000	1.331572e+000
2.133597155582255e+002	1.200000e+001	3.999222e+000	4.000332e+000	0.000000e+000	1.331472e+000
2.137454298439398e+002	1.200000e+001	3.999490e+000	4.000200e+000	0.000000e+000	1.331399e+000
2.141025727010826e+002	1.200000e+001	3.999737e+000	4.000077e+000	0.000000e+000	1.331363e+000
2.144597155582255e+002	1.200000e+001	3.999976e+000	3.999959e+000	0.000000e+000	1.331351e+000
2.148168584153683e+002	1.200000e+001	4.000206e+000	3.999845e+000	0.000000e+000	1.331363e+000
2.151740012725112e+002	1.200000e+001	4.000427e+000	3.999736e+000	0.000000e+000	1.331399e+000
2.155311441296540e+002	1.200000e+001	4.000639e+000	3.999631e+000	0.000000e+000	1.331458e+000
2.158882869867968e+002	1.200000e+001	4.000843e+000	3.999530e+000	0.000000e+000	1.331542e+000
2.162454298439397e+002	1.200000e+001	4.001037e+000	3.999434e+000	0.000000e+000	1.331649e+000
2.164740012725111e+002	1.200000e+001	4.001149e+000	3.999378e+000	0.000000e+000	1.331728e+000
2.167025727010825e+002	1.200000e+001	4.001253e+000	3.999326e+000	0.000000e+000	1.331812e+000
2.169311441296539e+002	1.200000e+001	4.001349e+000	3.999279e+000	0.000000e+000	1.331903e+000
2.171597155582253e+002	1.200000e+001	4.001436e+000	3.999236e+000	0.000000e+000	1.331999e+000
2.173882869867967e+002	1.200000e+001	4.001514e+000	3.999198e+000	0.000000e+000	1.332102e+000
2.176168584153681e+002	1.200000e+001	4.001584e+000	3.999163e+000	0.000000e+000	1.332210e+000
2.178454298439396e+002	1.200000e+001	4.001646e+000	3.999133e+000	0.000000e+000	1.332324e+000
2.179882869867967e+002	1.200000e+001	4.001679e+000	3.999117e+000	0.000000e+000	1.332397e+000
2.181311441296539e+002	1.200000e+001	4.001708e+000	3.999103e+000	0.000000e+000	1.332471e+000
2.182740012725110e+002	1.200000e+001	4.001734e+000	3.999090e+000	0.000000e+000	1.332546e+000
2.184168584153681e+002	1.200000e+001	4.001756e+000	3.999080e+000	0.000000e+000	1.332622e+000
2.185597155582252e+002	1.200000e+001	4.001774e+000	3.999071e+000	0.000000e+000	1.332698e+000
2.187025727010824e+002	1.200000e+001	4.001788e+000	3.999064e+000	0.000000e+000	1.332776e+000
2.188454298439395e+002	1.200000e+001	4.001799e+000	3.999059e+000	0.000000e+000	1.332854e+000
2.190454298439395e+002	1.200000e+001	4.001807e+000	3.999055e+000	0.000000e+000	1.332964e+000
2.191454298439395e+002	1.200000e+001	4.001808e+000	3.999055e+000	0.000000e+000	1.333019e+000
2.192454298439395e+002	1.200000e+001	4.001808e+000	3.999056e+000	0.000000e+000	1.333074e+000
2.194454298439395e+002	1.200000e+001	4.001801e+000	3.999059e+000	0.000000e+000	1.333184e+000
2.196454298439395e+002	1.200000e+001	4.001788e+000	3.999066e+000	0.000000e+000	1.333293e+000
2.199454298439395e+002	1.200000e+001	4.001754e+000	3.999084e+000	0.000000e+000	1.333455e+000
2.202454298439394e+002	1.200000e+001	4.001705e+000	3.999109e+000	0.000000e+000	1.333613e+000
2.205454298439394e+002	1.200000e+001	4.001641e+000	3.999141e+000	0.000000e+000	1.333766e+000
2.208454298439394e+002	1.200000e+001	4.001564e+000	3.999181e+000	0.000000e+000	1.333913e+000
2.211882869867965e+002	1.200000e+001	4.001455e+000	3.999236e+000	0.000000e+000	1.334074e+000
2.215311441296537e+002	1.200000e+001	4.001336e+000	3.999296e+000	0.000000e+000	1.334220e+000
2.218740012725108e+002	1.200000e+001	4.001205e+000	3.999362e+000	0.000000e+000	1.334352e+000
2.222168584153679e+002	1.200000e+001	4.001064e+000	3.999433e+000	0.000000e+000	1.334469e+000
2.225597155582250e+002	1.200000e+001	4.000913e+000	3.999510e+000	0.000000e+000	1.334571e+000
2.229025727010821e+002	1.200000e+001	4.000750e+000	3.999592e+000	0.000000e+000	1.334659e+000
2.232454298439393e+002	1.200000e+001	4.000576e+000	3.999679e+000	0.000000e+000	1.334732e+000
2.236311441296535e+002	1.200000e+001	4.000376e+000	3.999780e+000	0.000000e+000	1.334788e+000
2.240168584153678e+002	1.200000e+001	4.000180e+000	3.999879e+000	0.000000e+000	1.334824e+000
2.244025727010821e+002	1.200000e+001	3.999989e+000	3.999975e+000	0.000000e+000	1.334837e+000
2.247882869867963e+002	1.200000e+001	3.999804e+000	4.000068e+000	0.000000e+000	1.334828e+000
2.251740012725106e+002	1.200000e+001	3.999624e+000	4.000159e+000	0.000000e+000	1.334798e+000
2.255597155582248e+002	1.200000e+001	3.999449e+000	4.000247e+000	0.000000e+000	1.334746e+000
2.259454298439391e+002	1.200000e+001	3.999279e+000	4.000333e+000	0.000000e+000	1.334672e+000
2.261882869867962e+002	1.200000e+001	3.999182e+000	4.000381e+000	0.000000e+000	1.334616e+000
2.264311441296534e+002	1.200000e+001	3.999092e+000	4.000427e+000	0.000000e+000	1.334555e+000
2.266740012725105e+002	1.200000e+001	3.999009e+000	4.000468e+000	0.000000e+000	1.334488e+000
2.269168584153676e+002	1.200000e+001	3.998933e+000	4.000507e+000	0.000000e+000	1.334415e+000
2.271597155582248e+002	1.200000e+001	3.998864e+000	4.000541e+000	0.000000e+000	1.334337e+000
2.274025727010819e+002	1.200000e+001	3.998802e+000	4.000573e+000	0.000000e+000	1.334253e+000
2.276454298439390e+002	1.200000e+001	3.998747e+000	4.000601e+000	0.000000e+000	1.334164e+000
2.278025727010819e+002	1.200000e+001	3.998716e+000	4.000617e+000	0.000000e+000	1.334104e+000
2.279597155582247e+002	1.200000e+001	3.998689e+000	4.000631e+000	0.000000e+000	1.334044e+000
2.281168584153676e+002	1.200000e+001	3.998665e+000	4.000643e+000	0.000000e+000	1.333982e+000
2.282740012725104e+002	1.200000e+001	3.998644e+000	4.000654e+000	0.000000e+000	1.333920e+000
2.284311441296533e+002	1.200000e+001	3.998627e+000	4.000662e+000	0.000000e+000	1.333857e+000
2.285882869867961e+002	1.200000e+001	3.998614e+000	4.000669e+000	0.000000e+000	1.333792e+000
2.287454298439390e+002	1.200000e+001	3.998603e+000	4.000674e+000	0.000000e+000	1.333727e+000
2.290454298439389e+002	1.200000e+001	3.998593e+000	4.000680e+000	0.000000e+000	1.333602e+000
2.291454298439389e+002	1.200000e+001	3.998593e+000	4.000680e+000	0.000000e+000	1.333561e+000
2.292454298439389e+002	1.200000e+001	3.998594e+000	4.000680e+000	0.000000e+000	1.333519e+000
2.294454298439389e+002	1.200000e+001	3.998600e+000	4.000677e+000	0.000000e+000	1.333436e+000
2.297454298439389e+002	1.200000e+001	3.998619e+000	4.000668e+000	0.000000e+000	1.333312e+000
2.300454298439389e+002	1.200000e+001	3.998650e+000	4.000653e+000	0.000000e+000	1.333190e+000
2.303454298439389e+002	1.200000e+001	3.998693e+000	4.000632e+000	0.000000e+000	1.333072e+000
2.306454298439388e+002	1.200000e+001	3.998746e+000	4.000606e+000	0.000000e+000	1.332958e+000
2.309454298439388e+002	1.200000e+001	3.998809e+000	4.000574e+000	0.000000e+000	1.332849e+000
2.313168584153674e+002	1.200000e+001	3.998905e+000	4.000527e+000	0.000000e+000	1.332720e+000
2.316882869867959e+002	1.200000e+001	3.999010e+000	4.000475e+000	0.000000e+000	1.332605e+000
2.320597155582245e+002	1.200000e+001	3.999123e+000	4.000419e+000	0.000000e+000	1.332504e+000
2.324311441296530e+002	1.200000e+001	3.999244e+000	4.000358e+000	0.000000e+000	1.332416e+000
2.328025727010816e+002	1.200000e+001	3.999374e+000	4.000294e+000	0.000000e+000	1.332342e+000
2.331740012725101e+002	1.200000e+001	3.999512e+000	4.000225e+000	0.000000e+000	1.332282e+000
2.335454298439387e+002	1.200000e+001	3.999659e+000	4.000152e+000	0.000000e+000	1.332235e+000
2.339025727010815e+002	1.200000e+001	3.999801e+000	4.000082e+000	0.000000e+000	1.332208e+000
2.342597155582243e+002	1.200000e+001	3.999939e+000	4.000013e+000	0.000000e+000	1.332195e+000
2.346168584153672e+002	1.200000e+001	4.000072e+000	3.999947e+000	0.000000e+000	1.332196e+000
2.349740012725100e+002	1.200000e+001	4.000201e+000	3.999883e+000	0.000000e+000	1.332211e+000
2.353311441296529e+002	1.200000e+001	4.000325e+000	3.999821e+000	0.000000e+000	1.332240e+000
2.356882869867957e+002	1.200000e+001	4.000445e+000	3.999761e+000	0.000000e+000	1.332283e+000
2.360454298439385e+002	1.200000e+001	4.000560e+000	3.999704e+000	0.000000e+000	1.332339e+000
2.362882869867957e+002	1.200000e+001	4.000631e+000	3.999668e+000	0.000000e+000	1.332384e+000
2.365311441296528e+002	1.200000e+001	4.000697e+000	3.999636e+000	0.000000e+000	1.332434e+000
2.367740012725099e+002	1.200000e+001	4.000758e+000	3.999606e+000	0.000000e+000	1.332487e+000
2.370168584153670e+002	1.200000e+001	4.000813e+000	3.999578e+000	0.000000e+000	1.332544e+000
2.372597155582242e+002	1.200000e+001	4.000863e+000	3.999554e+000	0.000000e+000	1.332605e+000
2.375025727010813e+002	1.200000e+001	4.000907e+000	3.999532e+000	0.000000e+000	1.332670e+000
2.377454298439384e+002	1.200000e+001	4.000946e+000	3.999512e+000	0.000000e+000	1.332740e+000
2.379025727010813e+002	1.200000e+001	4.000968e+000	3.999502e+000	0.000000e+000	1.332786e+000
2.380597155582241e+002	1.200000e+001	4.000986e+000	3.999492e+000	0.000000e+000	1.332832e+000
2.382168584153670e+002	1.200000e+001	4.001003e+000	3.999484e+000	0.000000e+000	1.332879e+000
2.383740012725098e+002	1.200000e+001	4.001017e+000	3.999478e+000	0.000000e+000	1.332927e+000
2.385311441296527e+002	1.200000e+001	4.001028e+000	3.999472e+000	0.000000e+000	1.332976e+000
2.386882869867955e+002	1.200000e+001	4.001036e+000	3.999468e+000	0.000000e+000	1.333025e+000
2.388454298439384e+002	1.200000e+001	4.001042e+000	3.999465e+000	0.000000e+000	1.333074e+000
2.390454298439384e+002	1.200000e+001	4.001046e+000	3.999464e+000	0.000000e+000	1.333138e+000
2.391454298439384e+002	1.200000e+001	4.001046e+000	3.999464e+000	0.000000e+000	1.333169e+000
2.392454298439384e+002	1.200000e+001	4.001045e+000	3.999464e+000	0.000000e+000	1.333201e+000
2.394454298439383e+002	1.200000e+001	4.001040e+000	3.999467e+000	0.000000e+000	1.333264e+000
2.397454298439383e+002	1.200000e+001	4.001025e+000	3.999475e+000	0.000000e+000	1.333358e+000
2.400454298439383e+002	1.200000e+001	4.001001e+000	3.999487e+000	0.000000e+000	1.333450e+000
2.403454298439383e+002	1.200000e+001	4.000968e+000	3.999503e+000	0.000000e+000	1.333539e+000
2.406454298439383e+002	1.200000e+001	4.000928e+000	3.999524e+000	0.000000e+000	1.333625e+000
2.409454298439383e+002	1.200000e+001	4.000879e+000	3.999548e+000	0.000000e+000	1.333707e+000
2.413311441296525e+002	1.200000e+001	4.000803e+000	3.999587e+000	0.000000e+000	1.333808e+000
2.417168584153668e+002	1.200000e+001	4.000720e+000	3.999629e+000	0.000000e+000	1.333898e+000
2.421025727010810e+002	1.200000e+001	4.000630e+000	3.999674e+000	0.000000e+000	1.333976e+000
2.424882869867953e+002	1.200000e+001	4.000534e+000	3.999722e+000	0.000000e+000	1.334042e+000
2.428740012725096e+002	1.200000e+001	4.000431e+000	3.999774e+000	0.000000e+000	1.334098e+000
2.432597155582238e+002	1.200000e+001	4.000322e+000	3.999829e+000	0.000000e+000	1.334142e+000
2.436454298439381e+002	1.200000e+001	4.000206e+000	3.999887e+000	0.000000e+000	1.334175e+000
2.440025727010809e+002	1.200000e+001	4.000098e+000	3.999941e+000	0.000000e+000	1.334191e+000
2.443597155582238e+002	1.200000e+001	3.999995e+000	3.999993e+000	0.000000e+000	1.334197e+000
2.447168584153666e+002	1.200000e+001	3.999895e+000	4.000043e+000	0.000000e+000	1.334192e+000
2.450740012725095e+002	1.200000e+001	3.999799e+000	4.000091e+000	0.000000e+000	1.334177e+000
2.454311441296523e+002	1.200000e+001	3.999706e+000	4.000138e+000	0.000000e+000	1.334152e+000
2.457882869867951e+002	1.200000e+001	3.999618e+000	4.000182e+000	0.000000e+000	1.334116e+000
2.461454298439380e+002	1.200000e+001	3.999533e+000	4.000225e+000	0.000000e+000	1.334070e+000
2.463882869867951e+002	1.200000e+001	3.999481e+000	4.000251e+000	0.000000e+000	1.334034e+000
2.466311441296522e+002	1.200000e+001	3.999433e+000	4.000275e+000	0.000000e+000	1.333995e+000
2.468740012725094e+002	1.200000e+001	3.999389e+000	4.000296e+000	0.000000e+000	1.333953e+000
2.471168584153665e+002	1.200000e+001	3.999350e+000	4.000316e+000	0.000000e+000	1.333908e+000
2.473597155582236e+002	1.200000e+001	3.999315e+000	4.000334e+000	0.000000e+000	1.333860e+000
2.476025727010807e+002	1.200000e+001	3.999284e+000	4.000350e+000	0.000000e+000	1.333809e+000
2.478454298439379e+002	1.200000e+001	3.999257e+000	4.000363e+000	0.000000e+000	1.333756e+000
2.479882869867950e+002	1.200000e+001	3.999243e+000	4.000370e+000	0.000000e+000	1.333724e+000
2.481311441296521e+002	1.200000e+001	3.999232e+000	4.000376e+000	0.000000e+000	1.333691e+000
2.482740012725093e+002	1.200000e+001	3.999221e+000	4.000381e+000	0.000000e+000	1.333658e+000
2.484168584153664e+002	1.200000e+001	3.999213e+000	4.000385e+000	0.000000e+000	1.333625e+000
2.485597155582235e+002	1.200000e+001	3.999206e+000	4.000389e+000	0.000000e+000	1.333592e+000
2.487025727010807e+002	1.200000e+001	3.999201e+000	4.000392e+000	0.000000e+000	1.333558e+000
2.488454298439378e+002	1.200000e+001	3.999197e+000	4.000393e+000	0.000000e+000	1.333523e+000
2.490454298439378e+002	1.200000e+001	3.999195e+000	4.000395e+000	0.000000e+000	1.333475e+000
2.491454298439378e+002	1.200000e+001	3.999196e+000	4.000395e+000	0.000000e+000	1.333452e+000
2.493454298439378e+002	1.200000e+001	3.999198e+000	4.000393e+000	0.000000e+000	1.333404e+000
2.495454298439378e+002	1.200000e+001	3.999204e+000	4.000391e+000	0.000000e+000	1.333356e+000
2.498454298439378e+002	1.200000e+001	3.999218e+000	4.000383e+000	0.000000e+000	1.333285e+000
2.499454298439378e+002	1.200000e+001	3.999225e+000	4.000381e+000	0.000000e+000	1.333262e+000
2.500000000000000e+002	1.200000e+001	3.999228e+000	4.000379e+000	0.000000e+000	1.333250e+000
